#Former transactions 5e)
./project5 2000 0.00 1000 1.0 1.0
./project5 2000 0.50 1000 1.0 1.0
./project5 2000 0.00 1000 2.0 1.0
./project5 2000 0.50 1000 2.0 1.0

./project5 2000 0.00 1000 1.0 2.0
./project5 2000 0.50 1000 1.0 2.0
./project5 2000 0.00 1000 2.0 2.0
./project5 2000 0.50 1000 2.0 2.0

./project5 2000 0.00 1000 1.0 3.0
./project5 2000 0.50 1000 1.0 3.0
./project5 2000 0.00 1000 2.0 3.0
./project5 2000 0.50 1000 2.0 3.0

./project5 2000 0.00 1000 1.0 4.0
./project5 2000 0.50 1000 1.0 4.0
./project5 2000 0.00 1000 2.0 4.0
./project5 2000 0.50 1000 2.0 4.0
