#Gibbs 5a)
./project5 2000 0 500 0 0
#Savings 5c)
./project5 2000 0.25 500 0 0
./project5 2000 0.50 500 0 0
./project5 2000 0.90 500 0 0
./project5 2000 0.00 1000 0 0
./project5 2000 0.50 1000 0 0

#Nearest Neighbours 5d)
./project5 2000 0.00 500 0.5 0
./project5 2000 0.50 500 0.5 0
./project5 2000 0.00 1000 0.5 0
./project5 2000 0.50 1000 0.5 0

./project5 2000 0.00 500 1.0 0
./project5 2000 0.50 500 1.0 0
./project5 2000 0.00 1000 1.0 0
./project5 2000 0.50 1000 1.0 0

./project5 2000 0.00 500 1.5 0
./project5 2000 0.50 500 1.5 0
./project5 2000 0.00 1000 1.5 0
./project5 2000 0.50 1000 1.5 0

./project5 2000 0.00 500 2.0 0
./project5 2000 0.50 500 2.0 0
./project5 2000 0.00 1000 2.0 0
./project5 2000 0.50 1000 2.0 0

#Former transactions 5e)
./project5 2000 0.00 1000 1.0 1.0
./project5 2000 0.50 1000 1.0 1.0
./project5 2000 0.00 1000 2.0 1.0
./project5 2000 0.50 1000 2.0 1.0

./project5 2000 0.00 1000 1.0 2.0
./project5 2000 0.50 1000 1.0 2.0
./project5 2000 0.00 1000 2.0 2.0
./project5 2000 0.50 1000 2.0 2.0

./project5 2000 0.00 1000 1.0 3.0
./project5 2000 0.50 1000 1.0 3.0
./project5 2000 0.00 1000 2.0 3.0
./project5 2000 0.50 1000 2.0 3.0

./project5 2000 0.00 1000 1.0 4.0
./project5 2000 0.50 1000 1.0 4.0
./project5 2000 0.00 1000 2.0 4.0
./project5 2000 0.50 1000 2.0 4.0
