279133 1.000000 0 0.024938 10.000000 198.026542  0.022407
269020 0.010000 1 0.124688 50.000000 181.091321  0.015560
276436 0.100000 1 0.049875 20.000000 183.329009  0.021620
275785 0.500000 1 0.037406 15.000000 176.067275  0.020825
279133 1.000000 1 0.024938 10.000000 178.116579  0.018106
283636 5.000000 1 0.012469 5.000000 180.903008  0.021700
270052 0.010000 2 0.124688 50.000000 172.686678  0.019322
276727 0.100000 2 0.049875 20.000000 176.531160  0.020654
276323 0.500000 2 0.037406 15.000000 178.802836  0.021531
279901 1.000000 2 0.024938 10.000000 190.465973  0.016026
283277 5.000000 2 0.012469 5.000000 186.058585  0.019913
