      2.1000000     -1.6609734     0.42963390     0.86128559  0.00011913297   0.0023467385
      2.1100000     -1.6524447     0.43155482     0.86323794  9.6969023e-05  0.00010389528
      2.1200000     -1.6423432     0.42839471     0.85704017  0.00010087058  0.00012180796
      2.1300000     -1.6318774     0.42526463     0.85051424  0.00010450455  0.00013653553
      2.1400000     -1.6210078     0.42199967     0.84344763  0.00010688526  0.00015420204
      2.1500000     -1.6098005     0.41793452     0.83580836  0.00011140438  0.00017835344
      2.1600000     -1.5983528     0.41389838     0.82788724  0.00011616326  0.00020886684
      2.1700000     -1.5861278     0.40959464     0.81852521  0.00012179481  0.00025688894
      2.1800000     -1.5734862     0.40423177     0.80857401  0.00012597528  0.00029915941
      2.1900000     -1.5601574     0.39851647     0.79708663  0.00013303018  0.00038475223
      2.2000000     -1.5463370     0.39187209     0.78459271  0.00013989862  0.00048644116
      2.2100000     -1.5326129     0.38714221     0.77209498  0.00014524909  0.00056194900
      2.2200000     -1.5168998     0.37797465     0.75486804  0.00015415954  0.00079126889
      2.2300000     -1.5002816     0.36675624     0.73416157  0.00016484890   0.0011275178
      2.2400000     -1.4833805     0.35467158     0.71162117  0.00017682336   0.0015752778
      2.2500000     -1.4620443     0.17819082     0.66551048  0.00020599170   0.0048684507
      2.2600000     -1.4401926     0.22332400     0.61521224  0.00023274716   0.0076692873
      2.2700000     -1.4183732     0.24548044     0.56169535  0.00023463264    0.010107407
      2.2800000     -1.3917307   -0.053307839     0.46760163  0.00025032498    0.014897766
      2.2900000     -1.3699122   -0.040895593     0.40373184  0.00023542246    0.015227357
      2.3000000     -1.3484527    0.049071423     0.33612105  0.00020951994    0.014489207
      2.3100000     -1.3289833    0.038496447     0.28263352  0.00018953216    0.012338064
      2.3200000     -1.3107086    0.021540780     0.22731057  0.00016765928   0.0096652213
      2.3300000     -1.2942605   -0.017689218     0.19773256  0.00015188671   0.0075821948
      2.3400000     -1.2796594   0.0013634716     0.17123461  0.00014236085   0.0061534613
      2.3500000     -1.2658021   -0.020166625     0.15291829  0.00013558048   0.0050257825
