      2.1000000     -1.6612966   0.0017023215     0.86338348  6.7483224e-05   0.0014569699
      2.1100000     -1.6523177  1.6400918e-05     0.86309557  4.8584791e-05  5.3047655e-05
      2.1200000     -1.6422197 -5.0807245e-05     0.85694514  5.0178888e-05  6.0383824e-05
      2.1300000     -1.6318575  0.00013201061     0.85044996  5.1656941e-05  6.8616528e-05
      2.1400000     -1.6209690  2.5770714e-05     0.84336499  5.3721108e-05  7.8757673e-05
      2.1500000     -1.6097784  4.9315306e-05     0.83573364  5.6045942e-05  9.4111602e-05
      2.1600000     -1.5982137  2.2591122e-05     0.82762583  5.8122377e-05  0.00010526432
      2.1700000     -1.5862394 -0.00014218643     0.81880190  6.0670779e-05  0.00012520812
      2.1800000     -1.5735157  0.00029083694     0.80875532  6.3337043e-05  0.00014779166
      2.1900000     -1.5601038  0.00048809694     0.79687327  6.6835953e-05  0.00019682838
      2.2000000     -1.5466520 -0.00056043480     0.78515699  7.0462332e-05  0.00024405236
      2.2100000     -1.5318482  0.00021974347     0.77039106  7.4663375e-05  0.00031388724
      2.2200000     -1.5167331  -0.0015774057     0.75408636  7.8470903e-05  0.00040558675
      2.2300000     -1.4998054 -0.00088066837     0.73179787  8.5068343e-05  0.00066842220
      2.2400000     -1.4828481  0.00092196888     0.70908002  9.1363418e-05  0.00094640198
      2.2500000     -1.4628182   -0.018529320     0.66662405  0.00010734469   0.0037654894
      2.2600000     -1.4423243     0.27549687     0.63114425  0.00011019001   0.0031297940
      2.2700000     -1.4179932    0.054018618     0.55266937  0.00012873183   0.0073300742
      2.2800000     -1.3887310    -0.10039960     0.41127260  0.00013098025    0.014442686
      2.2900000     -1.3660526   -0.074921364     0.32550370  0.00011256282    0.012664424
      2.3000000     -1.3449675    0.021308080     0.25362853  0.00010219297    0.011217318
      2.3100000     -1.3266434  -0.0024315531     0.20088639  9.0675801e-05   0.0083710731
      2.3200000     -1.3091937   0.0081253595     0.16205246  8.0117260e-05   0.0053814807
      2.3300000     -1.2933786   0.0068140232     0.13396185  7.4304534e-05   0.0039725469
      2.3400000     -1.2795595   -0.013356475     0.12431459  7.0534991e-05   0.0034342968
      2.3500000     -1.2654207  -0.0026988380     0.10558984  6.7576190e-05   0.0026263444
