#Computed variance: 0.0216899 Computed standard deviation: 0.147275
     -2.0000000       0
     -1.9900000       0
     -1.9800000       0
     -1.9700000       0
     -1.9600000       0
     -1.9500000       0
     -1.9400000       0
     -1.9300000       0
     -1.9200000       0
     -1.9100000       0
     -1.9000000       0
     -1.8900000       0
     -1.8800000       0
     -1.8700000       0
     -1.8600000       0
     -1.8500000       0
     -1.8400000       0
     -1.8300000       0
     -1.8200000       0
     -1.8100000       0
     -1.8000000       0
     -1.7900000       1
     -1.7800000       0
     -1.7700000       0
     -1.7600000       0
     -1.7500000       1
     -1.7400000       4
     -1.7300000       0
     -1.7200000       2
     -1.7100000       2
     -1.7000000       5
     -1.6900000       7
     -1.6800000       3
     -1.6700000      10
     -1.6600000       6
     -1.6500000      11
     -1.6400000       6
     -1.6300000      12
     -1.6200000      15
     -1.6100000      17
     -1.6000000      18
     -1.5900000      21
     -1.5800000      40
     -1.5700000      31
     -1.5600000      37
     -1.5500000      58
     -1.5400000      56
     -1.5300000      57
     -1.5200000      68
     -1.5100000      79
     -1.5000000      83
     -1.4900000      94
     -1.4800000     106
     -1.4700000     111
     -1.4600000      90
     -1.4500000     137
     -1.4400000     127
     -1.4300000     126
     -1.4200000     171
     -1.4100000     162
     -1.4000000     186
     -1.3900000     195
     -1.3800000     196
     -1.3700000     185
     -1.3600000     208
     -1.3500000     188
     -1.3400000     205
     -1.3300000     219
     -1.3200000     231
     -1.3100000     200
     -1.3000000     243
     -1.2900000     254
     -1.2800000     257
     -1.2700000     245
     -1.2600000     237
     -1.2500000     271
     -1.2400000     270
     -1.2300000     259
     -1.2200000     244
     -1.2100000     274
     -1.2000000     243
     -1.1900000     261
     -1.1800000     249
     -1.1700000     234
     -1.1600000     244
     -1.1500000     200
     -1.1400000     213
     -1.1300000     199
     -1.1200000     206
     -1.1100000     191
     -1.1000000     163
     -1.0900000     158
     -1.0800000     146
     -1.0700000     130
     -1.0600000     120
     -1.0500000     107
     -1.0400000      96
     -1.0300000      66
     -1.0200000      69
     -1.0100000      56
     -1.0000000      51
    -0.99000000      39
    -0.98000000      40
    -0.97000000      30
    -0.96000000      21
    -0.95000000      24
    -0.94000000      23
    -0.93000000      17
    -0.92000000      11
    -0.91000000      14
    -0.90000000       8
    -0.89000000       8
    -0.88000000       5
    -0.87000000       5
    -0.86000000       2
    -0.85000000       3
    -0.84000000       0
    -0.83000000       2
    -0.82000000       0
    -0.81000000       2
    -0.80000000       2
    -0.79000000       1
    -0.78000000       0
    -0.77000000       0
    -0.76000000       0
    -0.75000000       0
    -0.74000000       0
    -0.73000000       0
    -0.72000000       0
    -0.71000000       0
    -0.70000000       0
    -0.69000000       0
    -0.68000000       0
    -0.67000000       0
    -0.66000000       0
    -0.65000000       0
    -0.64000000       0
    -0.63000000       0
    -0.62000000       0
    -0.61000000       0
    -0.60000000       0
    -0.59000000       0
    -0.58000000       0
    -0.57000000       0
    -0.56000000       0
    -0.55000000       0
    -0.54000000       0
    -0.53000000       0
    -0.52000000       0
    -0.51000000       0
    -0.50000000       0
    -0.49000000       0
    -0.48000000       0
    -0.47000000       0
    -0.46000000       0
    -0.45000000       0
    -0.44000000       0
    -0.43000000       0
    -0.42000000       0
    -0.41000000       0
    -0.40000000       0
    -0.39000000       0
    -0.38000000       0
    -0.37000000       0
    -0.36000000       0
    -0.35000000       0
    -0.34000000       0
    -0.33000000       0
    -0.32000000       0
    -0.31000000       0
    -0.30000000       0
    -0.29000000       0
    -0.28000000       0
    -0.27000000       0
    -0.26000000       0
    -0.25000000       0
    -0.24000000       0
    -0.23000000       0
    -0.22000000       0
    -0.21000000       0
    -0.20000000       0
    -0.19000000       0
    -0.18000000       0
    -0.17000000       0
    -0.16000000       0
    -0.15000000       0
    -0.14000000       0
    -0.13000000       0
    -0.12000000       0
    -0.11000000       0
    -0.10000000       0
   -0.090000000       0
   -0.080000000       0
   -0.070000000       0
   -0.060000000       0
   -0.050000000       0
   -0.040000000       0
   -0.030000000       0
   -0.020000000       0
   -0.010000000       0
      0.0000000       0
    0.010000000       0
    0.020000000       0
    0.030000000       0
    0.040000000       0
    0.050000000       0
    0.060000000       0
    0.070000000       0
    0.080000000       0
    0.090000000       0
     0.10000000       0
     0.11000000       0
     0.12000000       0
     0.13000000       0
     0.14000000       0
     0.15000000       0
     0.16000000       0
     0.17000000       0
     0.18000000       0
     0.19000000       0
     0.20000000       0
     0.21000000       0
     0.22000000       0
     0.23000000       0
     0.24000000       0
     0.25000000       0
     0.26000000       0
     0.27000000       0
     0.28000000       0
     0.29000000       0
     0.30000000       0
     0.31000000       0
     0.32000000       0
     0.33000000       0
     0.34000000       0
     0.35000000       0
     0.36000000       0
     0.37000000       0
     0.38000000       0
     0.39000000       0
     0.40000000       0
     0.41000000       0
     0.42000000       0
     0.43000000       0
     0.44000000       0
     0.45000000       0
     0.46000000       0
     0.47000000       0
     0.48000000       0
     0.49000000       0
     0.50000000       0
     0.51000000       0
     0.52000000       0
     0.53000000       0
     0.54000000       0
     0.55000000       0
     0.56000000       0
     0.57000000       0
     0.58000000       0
     0.59000000       0
     0.60000000       0
     0.61000000       0
     0.62000000       0
     0.63000000       0
     0.64000000       0
     0.65000000       0
     0.66000000       0
     0.67000000       0
     0.68000000       0
     0.69000000       0
     0.70000000       0
     0.71000000       0
     0.72000000       0
     0.73000000       0
     0.74000000       0
     0.75000000       0
     0.76000000       0
     0.77000000       0
     0.78000000       0
     0.79000000       0
     0.80000000       0
     0.81000000       0
     0.82000000       0
     0.83000000       0
     0.84000000       0
     0.85000000       0
     0.86000000       0
     0.87000000       0
     0.88000000       0
     0.89000000       0
     0.90000000       0
     0.91000000       0
     0.92000000       0
     0.93000000       0
     0.94000000       0
     0.95000000       0
     0.96000000       0
     0.97000000       0
     0.98000000       0
     0.99000000       0
      1.0000000       0
      1.0100000       0
      1.0200000       0
      1.0300000       0
      1.0400000       0
      1.0500000       0
      1.0600000       0
      1.0700000       0
      1.0800000       0
      1.0900000       0
      1.1000000       0
      1.1100000       0
      1.1200000       0
      1.1300000       0
      1.1400000       0
      1.1500000       0
      1.1600000       0
      1.1700000       0
      1.1800000       0
      1.1900000       0
      1.2000000       0
      1.2100000       0
      1.2200000       0
      1.2300000       0
      1.2400000       0
      1.2500000       0
      1.2600000       0
      1.2700000       0
      1.2800000       0
      1.2900000       0
      1.3000000       0
      1.3100000       0
      1.3200000       0
      1.3300000       0
      1.3400000       0
      1.3500000       0
      1.3600000       0
      1.3700000       0
      1.3800000       0
      1.3900000       0
      1.4000000       0
      1.4100000       0
      1.4200000       0
      1.4300000       0
      1.4400000       0
      1.4500000       0
      1.4600000       0
      1.4700000       0
      1.4800000       0
      1.4900000       0
      1.5000000       0
      1.5100000       0
      1.5200000       0
      1.5300000       0
      1.5400000       0
      1.5500000       0
      1.5600000       0
      1.5700000       0
      1.5800000       0
      1.5900000       0
      1.6000000       0
      1.6100000       0
      1.6200000       0
      1.6300000       0
      1.6400000       0
      1.6500000       0
      1.6600000       0
      1.6700000       0
      1.6800000       0
      1.6900000       0
      1.7000000       0
      1.7100000       0
      1.7200000       0
      1.7300000       0
      1.7400000       0
      1.7500000       0
      1.7600000       0
      1.7700000       0
      1.7800000       0
      1.7900000       0
      1.8000000       0
      1.8100000       0
      1.8200000       0
      1.8300000       0
      1.8400000       0
      1.8500000       0
      1.8600000       0
      1.8700000       0
      1.8800000       0
      1.8900000       0
      1.9000000       0
      1.9100000       0
      1.9200000       0
      1.9300000       0
      1.9400000       0
      1.9500000       0
      1.9600000       0
      1.9700000       0
      1.9800000       0
      1.9900000       0
      2.0000000       0
