#Computed variance: 0.00774627 Computed standard deviation: 0.0880129
     -2.0000000       0
     -1.9955556       0
     -1.9911111       0
     -1.9866667       0
     -1.9822222       0
     -1.9777778       0
     -1.9733333       0
     -1.9688889       0
     -1.9644444       0
     -1.9600000       0
     -1.9555556       0
     -1.9511111       0
     -1.9466667       0
     -1.9422222       0
     -1.9377778       0
     -1.9333333       0
     -1.9288889       0
     -1.9244444       0
     -1.9200000       0
     -1.9155556       0
     -1.9111111       0
     -1.9066667       0
     -1.9022222       0
     -1.8977778       0
     -1.8933333       0
     -1.8888889       0
     -1.8844444       0
     -1.8800000       0
     -1.8755556       0
     -1.8711111       0
     -1.8666667       0
     -1.8622222       0
     -1.8577778       0
     -1.8533333       0
     -1.8488889       0
     -1.8444444       0
     -1.8400000       0
     -1.8355556       0
     -1.8311111       0
     -1.8266667       0
     -1.8222222       0
     -1.8177778       0
     -1.8133333       0
     -1.8088889       1
     -1.8044444       2
     -1.8000000       0
     -1.7955556       1
     -1.7911111       0
     -1.7866667       1
     -1.7822222       2
     -1.7777778       0
     -1.7733333       5
     -1.7688889       5
     -1.7644444       4
     -1.7600000       8
     -1.7555556       9
     -1.7511111       6
     -1.7466667      14
     -1.7422222      16
     -1.7377778      20
     -1.7333333      20
     -1.7288889      12
     -1.7244444      20
     -1.7200000      29
     -1.7155556      28
     -1.7111111      25
     -1.7066667      42
     -1.7022222      39
     -1.6977778      42
     -1.6933333      62
     -1.6888889      64
     -1.6844444      70
     -1.6800000      74
     -1.6755556      96
     -1.6711111      99
     -1.6666667     107
     -1.6622222      93
     -1.6577778     104
     -1.6533333     104
     -1.6488889     134
     -1.6444444     121
     -1.6400000     142
     -1.6355556     143
     -1.6311111     162
     -1.6266667     147
     -1.6222222     173
     -1.6177778     161
     -1.6133333     178
     -1.6088889     163
     -1.6044444     178
     -1.6000000     211
     -1.5955556     187
     -1.5911111     190
     -1.5866667     218
     -1.5822222     204
     -1.5777778     226
     -1.5733333     197
     -1.5688889     201
     -1.5644444     217
     -1.5600000     213
     -1.5555556     191
     -1.5511111     224
     -1.5466667     193
     -1.5422222     185
     -1.5377778     216
     -1.5333333     205
     -1.5288889     214
     -1.5244444     167
     -1.5200000     194
     -1.5155556     183
     -1.5111111     176
     -1.5066667     181
     -1.5022222     156
     -1.4977778     152
     -1.4933333     132
     -1.4888889     134
     -1.4844444     128
     -1.4800000     132
     -1.4755556     108
     -1.4711111     104
     -1.4666667     110
     -1.4622222      98
     -1.4577778      90
     -1.4533333      93
     -1.4488889      99
     -1.4444444      67
     -1.4400000      74
     -1.4355556      84
     -1.4311111      83
     -1.4266667      52
     -1.4222222      59
     -1.4177778      49
     -1.4133333      70
     -1.4088889      50
     -1.4044444      41
     -1.4000000      47
     -1.3955556      30
     -1.3911111      30
     -1.3866667      27
     -1.3822222      24
     -1.3777778      31
     -1.3733333      23
     -1.3688889      31
     -1.3644444      16
     -1.3600000      17
     -1.3555556      12
     -1.3511111      17
     -1.3466667      10
     -1.3422222      15
     -1.3377778      11
     -1.3333333      15
     -1.3288889      10
     -1.3244444      12
     -1.3200000      11
     -1.3155556       5
     -1.3111111      13
     -1.3066667       6
     -1.3022222       9
     -1.2977778       7
     -1.2933333       9
     -1.2888889       5
     -1.2844444       8
     -1.2800000       7
     -1.2755556       7
     -1.2711111       7
     -1.2666667       8
     -1.2622222       2
     -1.2577778       3
     -1.2533333       6
     -1.2488889       5
     -1.2444444       7
     -1.2400000       1
     -1.2355556       1
     -1.2311111       1
     -1.2266667       1
     -1.2222222       4
     -1.2177778       0
     -1.2133333       0
     -1.2088889       1
     -1.2044444       0
     -1.2000000       0
     -1.1955556       0
     -1.1911111       1
     -1.1866667       0
     -1.1822222       1
     -1.1777778       1
     -1.1733333       1
     -1.1688889       0
     -1.1644444       0
     -1.1600000       0
     -1.1555556       0
     -1.1511111       0
     -1.1466667       0
     -1.1422222       0
     -1.1377778       0
     -1.1333333       0
     -1.1288889       0
     -1.1244444       0
     -1.1200000       0
     -1.1155556       0
     -1.1111111       0
     -1.1066667       0
     -1.1022222       0
     -1.0977778       0
     -1.0933333       0
     -1.0888889       0
     -1.0844444       0
     -1.0800000       0
     -1.0755556       0
     -1.0711111       0
     -1.0666667       0
     -1.0622222       0
     -1.0577778       0
     -1.0533333       0
     -1.0488889       0
     -1.0444444       0
     -1.0400000       0
     -1.0355556       0
     -1.0311111       0
     -1.0266667       0
     -1.0222222       0
     -1.0177778       0
     -1.0133333       0
     -1.0088889       0
     -1.0044444       0
     -1.0000000       0
    -0.99555556       0
    -0.99111111       0
    -0.98666667       0
    -0.98222222       0
    -0.97777778       0
    -0.97333333       0
    -0.96888889       0
    -0.96444444       0
    -0.96000000       0
    -0.95555556       0
    -0.95111111       0
    -0.94666667       0
    -0.94222222       0
    -0.93777778       0
    -0.93333333       0
    -0.92888889       0
    -0.92444444       0
    -0.92000000       0
    -0.91555556       0
    -0.91111111       0
    -0.90666667       0
    -0.90222222       0
    -0.89777778       0
    -0.89333333       0
    -0.88888889       0
    -0.88444444       0
    -0.88000000       0
    -0.87555556       0
    -0.87111111       0
    -0.86666667       0
    -0.86222222       0
    -0.85777778       0
    -0.85333333       0
    -0.84888889       0
    -0.84444444       0
    -0.84000000       0
    -0.83555556       0
    -0.83111111       0
    -0.82666667       0
    -0.82222222       0
    -0.81777778       0
    -0.81333333       0
    -0.80888889       0
    -0.80444444       0
    -0.80000000       0
    -0.79555556       0
    -0.79111111       0
    -0.78666667       0
    -0.78222222       0
    -0.77777778       0
    -0.77333333       0
    -0.76888889       0
    -0.76444444       0
    -0.76000000       0
    -0.75555556       0
    -0.75111111       0
    -0.74666667       0
    -0.74222222       0
    -0.73777778       0
    -0.73333333       0
    -0.72888889       0
    -0.72444444       0
    -0.72000000       0
    -0.71555556       0
    -0.71111111       0
    -0.70666667       0
    -0.70222222       0
    -0.69777778       0
    -0.69333333       0
    -0.68888889       0
    -0.68444444       0
    -0.68000000       0
    -0.67555556       0
    -0.67111111       0
    -0.66666667       0
    -0.66222222       0
    -0.65777778       0
    -0.65333333       0
    -0.64888889       0
    -0.64444444       0
    -0.64000000       0
    -0.63555556       0
    -0.63111111       0
    -0.62666667       0
    -0.62222222       0
    -0.61777778       0
    -0.61333333       0
    -0.60888889       0
    -0.60444444       0
    -0.60000000       0
    -0.59555556       0
    -0.59111111       0
    -0.58666667       0
    -0.58222222       0
    -0.57777778       0
    -0.57333333       0
    -0.56888889       0
    -0.56444444       0
    -0.56000000       0
    -0.55555556       0
    -0.55111111       0
    -0.54666667       0
    -0.54222222       0
    -0.53777778       0
    -0.53333333       0
    -0.52888889       0
    -0.52444444       0
    -0.52000000       0
    -0.51555556       0
    -0.51111111       0
    -0.50666667       0
    -0.50222222       0
    -0.49777778       0
    -0.49333333       0
    -0.48888889       0
    -0.48444444       0
    -0.48000000       0
    -0.47555556       0
    -0.47111111       0
    -0.46666667       0
    -0.46222222       0
    -0.45777778       0
    -0.45333333       0
    -0.44888889       0
    -0.44444444       0
    -0.44000000       0
    -0.43555556       0
    -0.43111111       0
    -0.42666667       0
    -0.42222222       0
    -0.41777778       0
    -0.41333333       0
    -0.40888889       0
    -0.40444444       0
    -0.40000000       0
    -0.39555556       0
    -0.39111111       0
    -0.38666667       0
    -0.38222222       0
    -0.37777778       0
    -0.37333333       0
    -0.36888889       0
    -0.36444444       0
    -0.36000000       0
    -0.35555556       0
    -0.35111111       0
    -0.34666667       0
    -0.34222222       0
    -0.33777778       0
    -0.33333333       0
    -0.32888889       0
    -0.32444444       0
    -0.32000000       0
    -0.31555556       0
    -0.31111111       0
    -0.30666667       0
    -0.30222222       0
    -0.29777778       0
    -0.29333333       0
    -0.28888889       0
    -0.28444444       0
    -0.28000000       0
    -0.27555556       0
    -0.27111111       0
    -0.26666667       0
    -0.26222222       0
    -0.25777778       0
    -0.25333333       0
    -0.24888889       0
    -0.24444444       0
    -0.24000000       0
    -0.23555556       0
    -0.23111111       0
    -0.22666667       0
    -0.22222222       0
    -0.21777778       0
    -0.21333333       0
    -0.20888889       0
    -0.20444444       0
    -0.20000000       0
    -0.19555556       0
    -0.19111111       0
    -0.18666667       0
    -0.18222222       0
    -0.17777778       0
    -0.17333333       0
    -0.16888889       0
    -0.16444444       0
    -0.16000000       0
    -0.15555556       0
    -0.15111111       0
    -0.14666667       0
    -0.14222222       0
    -0.13777778       0
    -0.13333333       0
    -0.12888889       0
    -0.12444444       0
    -0.12000000       0
    -0.11555556       0
    -0.11111111       0
    -0.10666667       0
    -0.10222222       0
   -0.097777778       0
   -0.093333333       0
   -0.088888889       0
   -0.084444444       0
   -0.080000000       0
   -0.075555556       0
   -0.071111111       0
   -0.066666667       0
   -0.062222222       0
   -0.057777778       0
   -0.053333333       0
   -0.048888889       0
   -0.044444444       0
   -0.040000000       0
   -0.035555556       0
   -0.031111111       0
   -0.026666667       0
   -0.022222222       0
   -0.017777778       0
   -0.013333333       0
  -0.0088888889       0
  -0.0044444444       0
      0.0000000       0
   0.0044444444       0
   0.0088888889       0
    0.013333333       0
    0.017777778       0
    0.022222222       0
    0.026666667       0
    0.031111111       0
    0.035555556       0
    0.040000000       0
    0.044444444       0
    0.048888889       0
    0.053333333       0
    0.057777778       0
    0.062222222       0
    0.066666667       0
    0.071111111       0
    0.075555556       0
    0.080000000       0
    0.084444444       0
    0.088888889       0
    0.093333333       0
    0.097777778       0
     0.10222222       0
     0.10666667       0
     0.11111111       0
     0.11555556       0
     0.12000000       0
     0.12444444       0
     0.12888889       0
     0.13333333       0
     0.13777778       0
     0.14222222       0
     0.14666667       0
     0.15111111       0
     0.15555556       0
     0.16000000       0
     0.16444444       0
     0.16888889       0
     0.17333333       0
     0.17777778       0
     0.18222222       0
     0.18666667       0
     0.19111111       0
     0.19555556       0
     0.20000000       0
     0.20444444       0
     0.20888889       0
     0.21333333       0
     0.21777778       0
     0.22222222       0
     0.22666667       0
     0.23111111       0
     0.23555556       0
     0.24000000       0
     0.24444444       0
     0.24888889       0
     0.25333333       0
     0.25777778       0
     0.26222222       0
     0.26666667       0
     0.27111111       0
     0.27555556       0
     0.28000000       0
     0.28444444       0
     0.28888889       0
     0.29333333       0
     0.29777778       0
     0.30222222       0
     0.30666667       0
     0.31111111       0
     0.31555556       0
     0.32000000       0
     0.32444444       0
     0.32888889       0
     0.33333333       0
     0.33777778       0
     0.34222222       0
     0.34666667       0
     0.35111111       0
     0.35555556       0
     0.36000000       0
     0.36444444       0
     0.36888889       0
     0.37333333       0
     0.37777778       0
     0.38222222       0
     0.38666667       0
     0.39111111       0
     0.39555556       0
     0.40000000       0
     0.40444444       0
     0.40888889       0
     0.41333333       0
     0.41777778       0
     0.42222222       0
     0.42666667       0
     0.43111111       0
     0.43555556       0
     0.44000000       0
     0.44444444       0
     0.44888889       0
     0.45333333       0
     0.45777778       0
     0.46222222       0
     0.46666667       0
     0.47111111       0
     0.47555556       0
     0.48000000       0
     0.48444444       0
     0.48888889       0
     0.49333333       0
     0.49777778       0
     0.50222222       0
     0.50666667       0
     0.51111111       0
     0.51555556       0
     0.52000000       0
     0.52444444       0
     0.52888889       0
     0.53333333       0
     0.53777778       0
     0.54222222       0
     0.54666667       0
     0.55111111       0
     0.55555556       0
     0.56000000       0
     0.56444444       0
     0.56888889       0
     0.57333333       0
     0.57777778       0
     0.58222222       0
     0.58666667       0
     0.59111111       0
     0.59555556       0
     0.60000000       0
     0.60444444       0
     0.60888889       0
     0.61333333       0
     0.61777778       0
     0.62222222       0
     0.62666667       0
     0.63111111       0
     0.63555556       0
     0.64000000       0
     0.64444444       0
     0.64888889       0
     0.65333333       0
     0.65777778       0
     0.66222222       0
     0.66666667       0
     0.67111111       0
     0.67555556       0
     0.68000000       0
     0.68444444       0
     0.68888889       0
     0.69333333       0
     0.69777778       0
     0.70222222       0
     0.70666667       0
     0.71111111       0
     0.71555556       0
     0.72000000       0
     0.72444444       0
     0.72888889       0
     0.73333333       0
     0.73777778       0
     0.74222222       0
     0.74666667       0
     0.75111111       0
     0.75555556       0
     0.76000000       0
     0.76444444       0
     0.76888889       0
     0.77333333       0
     0.77777778       0
     0.78222222       0
     0.78666667       0
     0.79111111       0
     0.79555556       0
     0.80000000       0
     0.80444444       0
     0.80888889       0
     0.81333333       0
     0.81777778       0
     0.82222222       0
     0.82666667       0
     0.83111111       0
     0.83555556       0
     0.84000000       0
     0.84444444       0
     0.84888889       0
     0.85333333       0
     0.85777778       0
     0.86222222       0
     0.86666667       0
     0.87111111       0
     0.87555556       0
     0.88000000       0
     0.88444444       0
     0.88888889       0
     0.89333333       0
     0.89777778       0
     0.90222222       0
     0.90666667       0
     0.91111111       0
     0.91555556       0
     0.92000000       0
     0.92444444       0
     0.92888889       0
     0.93333333       0
     0.93777778       0
     0.94222222       0
     0.94666667       0
     0.95111111       0
     0.95555556       0
     0.96000000       0
     0.96444444       0
     0.96888889       0
     0.97333333       0
     0.97777778       0
     0.98222222       0
     0.98666667       0
     0.99111111       0
     0.99555556       0
      1.0000000       0
      1.0044444       0
      1.0088889       0
      1.0133333       0
      1.0177778       0
      1.0222222       0
      1.0266667       0
      1.0311111       0
      1.0355556       0
      1.0400000       0
      1.0444444       0
      1.0488889       0
      1.0533333       0
      1.0577778       0
      1.0622222       0
      1.0666667       0
      1.0711111       0
      1.0755556       0
      1.0800000       0
      1.0844444       0
      1.0888889       0
      1.0933333       0
      1.0977778       0
      1.1022222       0
      1.1066667       0
      1.1111111       0
      1.1155556       0
      1.1200000       0
      1.1244444       0
      1.1288889       0
      1.1333333       0
      1.1377778       0
      1.1422222       0
      1.1466667       0
      1.1511111       0
      1.1555556       0
      1.1600000       0
      1.1644444       0
      1.1688889       0
      1.1733333       0
      1.1777778       0
      1.1822222       0
      1.1866667       0
      1.1911111       0
      1.1955556       0
      1.2000000       0
      1.2044444       0
      1.2088889       0
      1.2133333       0
      1.2177778       0
      1.2222222       0
      1.2266667       0
      1.2311111       0
      1.2355556       0
      1.2400000       0
      1.2444444       0
      1.2488889       0
      1.2533333       0
      1.2577778       0
      1.2622222       0
      1.2666667       0
      1.2711111       0
      1.2755556       0
      1.2800000       0
      1.2844444       0
      1.2888889       0
      1.2933333       0
      1.2977778       0
      1.3022222       0
      1.3066667       0
      1.3111111       0
      1.3155556       0
      1.3200000       0
      1.3244444       0
      1.3288889       0
      1.3333333       0
      1.3377778       0
      1.3422222       0
      1.3466667       0
      1.3511111       0
      1.3555556       0
      1.3600000       0
      1.3644444       0
      1.3688889       0
      1.3733333       0
      1.3777778       0
      1.3822222       0
      1.3866667       0
      1.3911111       0
      1.3955556       0
      1.4000000       0
      1.4044444       0
      1.4088889       0
      1.4133333       0
      1.4177778       0
      1.4222222       0
      1.4266667       0
      1.4311111       0
      1.4355556       0
      1.4400000       0
      1.4444444       0
      1.4488889       0
      1.4533333       0
      1.4577778       0
      1.4622222       0
      1.4666667       0
      1.4711111       0
      1.4755556       0
      1.4800000       0
      1.4844444       0
      1.4888889       0
      1.4933333       0
      1.4977778       0
      1.5022222       0
      1.5066667       0
      1.5111111       0
      1.5155556       0
      1.5200000       0
      1.5244444       0
      1.5288889       0
      1.5333333       0
      1.5377778       0
      1.5422222       0
      1.5466667       0
      1.5511111       0
      1.5555556       0
      1.5600000       0
      1.5644444       0
      1.5688889       0
      1.5733333       0
      1.5777778       0
      1.5822222       0
      1.5866667       0
      1.5911111       0
      1.5955556       0
      1.6000000       0
      1.6044444       0
      1.6088889       0
      1.6133333       0
      1.6177778       0
      1.6222222       0
      1.6266667       0
      1.6311111       0
      1.6355556       0
      1.6400000       0
      1.6444444       0
      1.6488889       0
      1.6533333       0
      1.6577778       0
      1.6622222       0
      1.6666667       0
      1.6711111       0
      1.6755556       0
      1.6800000       0
      1.6844444       0
      1.6888889       0
      1.6933333       0
      1.6977778       0
      1.7022222       0
      1.7066667       0
      1.7111111       0
      1.7155556       0
      1.7200000       0
      1.7244444       0
      1.7288889       0
      1.7333333       0
      1.7377778       0
      1.7422222       0
      1.7466667       0
      1.7511111       0
      1.7555556       0
      1.7600000       0
      1.7644444       0
      1.7688889       0
      1.7733333       0
      1.7777778       0
      1.7822222       0
      1.7866667       0
      1.7911111       0
      1.7955556       0
      1.8000000       0
      1.8044444       0
      1.8088889       0
      1.8133333       0
      1.8177778       0
      1.8222222       0
      1.8266667       0
      1.8311111       0
      1.8355556       0
      1.8400000       0
      1.8444444       0
      1.8488889       0
      1.8533333       0
      1.8577778       0
      1.8622222       0
      1.8666667       0
      1.8711111       0
      1.8755556       0
      1.8800000       0
      1.8844444       0
      1.8888889       0
      1.8933333       0
      1.8977778       0
      1.9022222       0
      1.9066667       0
      1.9111111       0
      1.9155556       0
      1.9200000       0
      1.9244444       0
      1.9288889       0
      1.9333333       0
      1.9377778       0
      1.9422222       0
      1.9466667       0
      1.9511111       0
      1.9555556       0
      1.9600000       0
      1.9644444       0
      1.9688889       0
      1.9733333       0
      1.9777778       0
      1.9822222       0
      1.9866667       0
      1.9911111       0
      1.9955556       0
      2.0000000       0
