      2.1000000     -1.6622717 -0.00019438750     0.86862006  0.00060971989  0.00069454146
      2.1100000     -1.6522932 -0.00018569625     0.86292463  0.00061853527  0.00067124670
      2.1200000     -1.6425734 -8.4106250e-05     0.85750991  0.00063365779  0.00071053378
      2.1300000     -1.6322200     0.32645784     0.85122366  0.00065543875  0.00081409191
      2.1400000     -1.6207200     0.42142271     0.84323888  0.00068982930  0.00094869870
      2.1500000     -1.6091592     0.41660500     0.83432058  0.00071757819   0.0012790096
      2.1600000     -1.5974973     0.12422812     0.82585572  0.00075547081   0.0015861505
      2.1700000     -1.5860333 -0.00046929625     0.81889542  0.00076316307   0.0014409276
      2.1800000     -1.5737521 -0.00022563000     0.80897711  0.00079908490   0.0017788964
      2.1900000     -1.5599703   -0.013950736     0.79667941  0.00083568623   0.0023165188
      2.2000000     -1.5467619    0.032043936     0.78555417  0.00087336308   0.0028285818
      2.2100000     -1.5321055     0.38908055     0.77117964  0.00091464421   0.0034954564
      2.2200000     -1.5170752    -0.21930585     0.75499971  0.00097290296   0.0046433415
      2.2300000     -1.4999994     0.38338037     0.73368832   0.0010350505   0.0061167832
      2.2400000     -1.4842699     0.30127199     0.71525213   0.0010794357   0.0075436085
      2.2500000     -1.4668269     0.23823203     0.69304368   0.0011268212   0.0087277174
      2.2600000     -1.4467341     0.11716360     0.66111924   0.0011918773    0.011437492
      2.2700000     -1.4285826     0.16122583     0.63502598   0.0012163664    0.012799375
      2.2800000     -1.4072978    0.020449961     0.59532817   0.0012515197    0.015766615
      2.2900000     -1.3874374  -0.0013607625     0.56156760   0.0012669099    0.017191090
      2.3000000     -1.3686113   -0.013217750     0.53133688   0.0012545396    0.017879483
      2.3100000     -1.3470905   0.0085270663     0.48799609   0.0012086558    0.019133711
      2.3200000     -1.3296170  -0.0057052150     0.45734668   0.0011837061    0.019545632
      2.3300000     -1.3113209    0.013465398     0.42497252   0.0011171049    0.018956481
      2.3400000     -1.2930683  -0.0026456012     0.38728018   0.0010603054    0.018686921
      2.3500000     -1.2760121   0.0012676375     0.35858580  0.00098171376    0.017198927
