      2.1000000     -1.6614495     0.43327564     0.86580309  0.00028965177   0.0011781549
      2.1100000     -1.6524162     0.43168295     0.86319287  0.00027368415  0.00029388560
      2.1200000     -1.6420101     0.42834651     0.85668521  0.00028176329  0.00033274951
      2.1300000     -1.6317877     0.42508730     0.85052254  0.00029145257  0.00036807895
      2.1400000     -1.6210096     0.42167542     0.84337148  0.00030385587  0.00043434977
      2.1500000     -1.6097941     0.41814156     0.83607663  0.00031287477  0.00047808989
      2.1600000     -1.5986240     0.41375790     0.82779568  0.00032710240  0.00061225621
      2.1700000     -1.5860052     0.40886038     0.81781869  0.00034271327  0.00083233719
      2.1800000     -1.5737594     0.40425013     0.80906860  0.00035057846  0.00081412203
      2.1900000     -1.5601574     0.16560326     0.79675656  0.00037225614   0.0012900305
      2.2000000     -1.5463637  -0.0012687100     0.78466228  0.00038824053   0.0013158933
      2.2100000     -1.5321342    -0.20010188     0.77038110  0.00042030815   0.0019229002
      2.2200000     -1.5170179    -0.37494137     0.75483177  0.00043193287   0.0021753257
      2.2300000     -1.5003674    -0.26685157     0.73484886  0.00045977631   0.0028723306
      2.2400000     -1.4830573   -0.036537662     0.70974295  0.00049769117   0.0047957312
      2.2500000     -1.4634199    0.049361981     0.67645556  0.00054076610   0.0069325111
      2.2600000     -1.4433297    0.058425849     0.63802097  0.00059343525    0.010579606
      2.2700000     -1.4220864  -0.0016729489     0.59693562  0.00060792923    0.012667148
      2.2800000     -1.4005510     0.12704616     0.55178811  0.00061579258    0.014500598
      2.2900000     -1.3774483   -0.083782152     0.49669235  0.00061404937    0.016637923
      2.3000000     -1.3583309   -0.010181148     0.45451900  0.00058952825    0.017342973
      2.3100000     -1.3362976   0.0046347978     0.39917395  0.00055276673    0.017103453
      2.3200000     -1.3187555   -0.036514626     0.36244179  0.00051765138    0.016494404
      2.3300000     -1.2979981  -0.0098724428     0.30364498  0.00046227162    0.014712536
      2.3400000     -1.2825175  -0.0081173861     0.27629072  0.00042824417    0.012877470
      2.3500000     -1.2688039   0.0068974222     0.25569866  0.00040282027    0.011460363
