 0.0009990009990009990   0.01796223245868464   0.01796223245868495   0.01796223245868464
  0.001998001998001998   0.02679464028110857   0.02679464028110903   0.02679464028110857
  0.002997002997002997   0.03552922202772106   0.03552922202772167   0.03552922202772106
  0.003996003996003996   0.04416695011667591   0.04416695011667668   0.04416695011667591
  0.004995004995004995   0.05270878730002249   0.05270878730002342   0.05270878730002249
  0.005994005994005994   0.06115568675978950   0.06115568675979059   0.06115568675978950
  0.006993006993006993   0.06950859220311355   0.06950859220311480   0.06950859220311355
  0.007992007992007992   0.07776843795642223   0.07776843795642363   0.07776843795642223
  0.008991008991008992   0.08593614905868097   0.08593614905868252   0.08593614905868097
  0.009990009990009990   0.09401264135371293   0.09401264135371463   0.09401264135371293
   0.01098901098901099    0.1019988215816013    0.1019988215816031    0.1019988215816013
   0.01198801198801199    0.1098955874691828    0.1098955874691848    0.1098955874691828
   0.01298701298701299    0.1177038278196423    0.1177038278196445    0.1177038278196423
   0.01398601398601399    0.1254244226012157    0.1254244226012181    0.1254244226012157
   0.01498501498501498    0.1330582430350124    0.1330582430350149    0.1330582430350124
   0.01598401598401598    0.1406061516819638    0.1406061516819664    0.1406061516819638
   0.01698301698301698    0.1480690025289078    0.1480690025289106    0.1480690025289078
   0.01798201798201798    0.1554476410738178    0.1554476410738208    0.1554476410738178
   0.01898101898101898    0.1627429044101846    0.1627429044101877    0.1627429044101846
   0.01998001998001998    0.1699556213105587    0.1699556213105619    0.1699556213105587
   0.02097902097902098    0.1770866123092632    0.1770866123092665    0.1770866123092632
   0.02197802197802198    0.1841366897842837    0.1841366897842871    0.1841366897842837
   0.02297702297702298    0.1911066580383450    0.1911066580383484    0.1911066580383450
   0.02397602397602398    0.1979973133791810    0.1979973133791846    0.1979973133791810
   0.02497502497502498    0.2048094441990073    0.2048094441990109    0.2048094441990073
   0.02597402597402598    0.2115438310532036    0.2115438310532073    0.2115438310532036
   0.02697302697302697    0.2182012467382139    0.2182012467382177    0.2182012467382139
   0.02797202797202797    0.2247824563686728    0.2247824563686767    0.2247824563686728
   0.02897102897102897    0.2312882174537645    0.2312882174537685    0.2312882174537645
   0.02997002997002997    0.2377192799728230    0.2377192799728270    0.2377192799728230
   0.03096903096903097    0.2440763864501811    0.2440763864501852    0.2440763864501811
   0.03196803196803197    0.2503602720292752    0.2503602720292793    0.2503602720292752
   0.03296703296703297    0.2565716645460133    0.2565716645460173    0.2565716645460133
   0.03396603396603397    0.2627112846014137    0.2627112846014177    0.2627112846014137
   0.03496503496503497    0.2687798456335222    0.2687798456335262    0.2687798456335222
   0.03596403596403597    0.2747780539886138    0.2747780539886178    0.2747780539886138
   0.03696303696303696    0.2807066089916866    0.2807066089916906    0.2807066089916866
   0.03796203796203796    0.2865662030162559    0.2865662030162600    0.2865662030162559
   0.03896103896103896    0.2923575215534532    0.2923575215534573    0.2923575215534533
   0.03996003996003996    0.2980812432804393    0.2980812432804433    0.2980812432804393
   0.04095904095904096    0.3037380401281369    0.3037380401281409    0.3037380401281370
   0.04195804195804196    0.3093285773482903    0.3093285773482942    0.3093285773482903
   0.04295704295704296    0.3148535135798578    0.3148535135798618    0.3148535135798579
   0.04395604395604395    0.3203135009147454    0.3203135009147493    0.3203135009147455
   0.04495504495504495    0.3257091849628854    0.3257091849628893    0.3257091849628855
   0.04595404595404595    0.3310412049166698    0.3310412049166737    0.3310412049166698
   0.04695304695304695    0.3363101936147418    0.3363101936147457    0.3363101936147418
   0.04795204795204795    0.3415167776051543    0.3415167776051581    0.3415167776051543
   0.04895104895104895    0.3466615772078997    0.3466615772079036    0.3466615772078998
   0.04995004995004995    0.3517452065768189    0.3517452065768228    0.3517452065768190
   0.05094905094905095    0.3567682737608943    0.3567682737608980    0.3567682737608943
   0.05194805194805195    0.3617313807649336    0.3617313807649373    0.3617313807649337
   0.05294705294705294    0.3666351236096512    0.3666351236096548    0.3666351236096512
   0.05394605394605394    0.3714800923911509    0.3714800923911546    0.3714800923911510
   0.05494505494505494    0.3762668713398191    0.3762668713398228    0.3762668713398192
   0.05594405594405594    0.3809960388786308    0.3809960388786345    0.3809960388786309
   0.05694305694305694    0.3856681676808773    0.3856681676808811    0.3856681676808774
   0.05794205794205794    0.3902838247273195    0.3902838247273233    0.3902838247273196
   0.05894105894105894    0.3948435713627735    0.3948435713627774    0.3948435713627736
   0.05994005994005994    0.3993479633521331    0.3993479633521370    0.3993479633521331
   0.06093906093906094    0.4037975509358356    0.4037975509358397    0.4037975509358357
   0.06193806193806194    0.4081928788847773    0.4081928788847816    0.4081928788847774
   0.06293706293706294    0.4125344865546811    0.4125344865546856    0.4125344865546812
   0.06393606393606394    0.4168229079399258    0.4168229079399304    0.4168229079399258
   0.06493506493506493    0.4210586717268387    0.4210586717268433    0.4210586717268388
   0.06593406593406594    0.4252423013464593    0.4252423013464640    0.4252423013464594
   0.06693306693306693    0.4293743150267781    0.4293743150267829    0.4293743150267782
   0.06793206793206794    0.4334552258444572    0.4334552258444619    0.4334552258444572
   0.06893106893106893    0.4374855417760345    0.4374855417760394    0.4374855417760346
   0.06993006993006994    0.4414657657486217    0.4414657657486267    0.4414657657486218
   0.07092907092907093    0.4453963956900962    0.4453963956901013    0.4453963956900963
   0.07192807192807193    0.4492779245787948    0.4492779245787999    0.4492779245787949
   0.07292707292707293    0.4531108404927144    0.4531108404927196    0.4531108404927145
   0.07392607392607392    0.4568956266582215    0.4568956266582268    0.4568956266582216
   0.07492507492507493    0.4606327614982797    0.4606327614982850    0.4606327614982798
   0.07592407592407592    0.4643227186801962    0.4643227186802015    0.4643227186801963
   0.07692307692307693    0.4679659671628948    0.4679659671629002    0.4679659671628948
   0.07792207792207792    0.4715629712437185    0.4715629712437240    0.4715629712437186
   0.07892107892107893    0.4751141906047666    0.4751141906047721    0.4751141906047667
   0.07992007992007992    0.4786200803587716    0.4786200803587771    0.4786200803587717
   0.08091908091908091    0.4820810910945200    0.4820810910945256    0.4820810910945201
   0.08191808191808192    0.4854976689218217    0.4854976689218273    0.4854976689218218
   0.08291708291708291    0.4888702555160321    0.4888702555160377    0.4888702555160322
   0.08391608391608392    0.4921992881621319    0.4921992881621375    0.4921992881621320
   0.08491508491508491    0.4954851997983685    0.4954851997983740    0.4954851997983686
   0.08591408591408592    0.4987284190594636    0.4987284190594691    0.4987284190594637
   0.08691308691308691    0.5019293703193920    0.5019293703193977    0.5019293703193921
   0.08791208791208791    0.5050884737337342    0.5050884737337398    0.5050884737337343
   0.08891108891108891    0.5082061452816082    0.5082061452816138    0.5082061452816083
   0.08991008991008990    0.5112827968071851    0.5112827968071906    0.5112827968071854
   0.09090909090909091    0.5143188360607915    0.5143188360607968    0.5143188360607917
   0.09190809190809190    0.5173146667396031    0.5173146667396084    0.5173146667396032
   0.09290709290709291    0.5202706885279347    0.5202706885279398    0.5202706885279348
   0.09390609390609390    0.5231872971371286    0.5231872971371336    0.5231872971371287
   0.09490509490509491    0.5260648843450475    0.5260648843450525    0.5260648843450476
   0.09590409590409590    0.5289038380351743    0.5289038380351792    0.5289038380351744
   0.09690309690309690    0.5317045422353229    0.5317045422353276    0.5317045422353230
   0.09790209790209790    0.5344673771559650    0.5344673771559695    0.5344673771559652
   0.09890109890109890    0.5371927192281752    0.5371927192281797    0.5371927192281754
   0.09990009990009990    0.5398809411412001    0.5398809411412043    0.5398809411412002
    0.1008991008991009    0.5425324118796517    0.5425324118796561    0.5425324118796518
    0.1018981018981019    0.5451474967603340    0.5451474967603382    0.5451474967603341
    0.1028971028971029    0.5477265574687008    0.5477265574687048    0.5477265574687009
    0.1038961038961039    0.5502699520949529    0.5502699520949568    0.5502699520949531
    0.1048951048951049    0.5527780351697757    0.5527780351697796    0.5527780351697760
    0.1058941058941059    0.5552511576997223    0.5552511576997263    0.5552511576997226
    0.1068931068931069    0.5576896672022438    0.5576896672022477    0.5576896672022440
    0.1078921078921079    0.5600939077403718    0.5600939077403755    0.5600939077403720
    0.1088911088911089    0.5624642199570565    0.5624642199570602    0.5624642199570568
    0.1098901098901099    0.5648009411091638    0.5648009411091673    0.5648009411091640
    0.1108891108891109    0.5671044051011328    0.5671044051011362    0.5671044051011330
    0.1118881118881119    0.5693749425183009    0.5693749425183042    0.5693749425183011
    0.1128871128871129    0.5716128806598960    0.5716128806598991    0.5716128806598962
    0.1138861138861139    0.5738185435717014    0.5738185435717044    0.5738185435717016
    0.1148851148851149    0.5759922520783961    0.5759922520783988    0.5759922520783963
    0.1158841158841159    0.5781343238155733    0.5781343238155757    0.5781343238155735
    0.1168831168831169    0.5802450732614407    0.5802450732614429    0.5802450732614410
    0.1178821178821179    0.5823248117682066    0.5823248117682084    0.5823248117682068
    0.1188811188811189    0.5843738475931516    0.5843738475931533    0.5843738475931518
    0.1198801198801199    0.5863924859293947    0.5863924859293961    0.5863924859293950
    0.1208791208791209    0.5883810289363510    0.5883810289363520    0.5883810289363512
    0.1218781218781219    0.5903397757698875    0.5903397757698884    0.5903397757698877
    0.1228771228771229    0.5922690226121798    0.5922690226121803    0.5922690226121801
    0.1238761238761239    0.5941690627012708    0.5941690627012711    0.5941690627012710
    0.1248751248751249    0.5960401863603365    0.5960401863603366    0.5960401863603367
    0.1258741258741259    0.5978826810266606    0.5978826810266606    0.5978826810266609
    0.1268731268731269    0.5996968312803209    0.5996968312803208    0.5996968312803211
    0.1278721278721279    0.6014829188725908    0.6014829188725905    0.6014829188725910
    0.1288711288711289    0.6032412227540583    0.6032412227540580    0.6032412227540586
    0.1298701298701299    0.6049720191024661    0.6049720191024656    0.6049720191024663
    0.1308691308691309    0.6066755813502737    0.6066755813502727    0.6066755813502739
    0.1318681318681319    0.6083521802119461    0.6083521802119451    0.6083521802119465
    0.1328671328671329    0.6100020837109731    0.6100020837109719    0.6100020837109734
    0.1338661338661339    0.6116255572066160    0.6116255572066145    0.6116255572066163
    0.1348651348651349    0.6132228634203926    0.6132228634203908    0.6132228634203928
    0.1358641358641359    0.6147942624622960    0.6147942624622941    0.6147942624622962
    0.1368631368631369    0.6163400118567544    0.6163400118567526    0.6163400118567546
    0.1378621378621379    0.6178603665683327    0.6178603665683308    0.6178603665683329
    0.1388611388611388    0.6193555790271770    0.6193555790271750    0.6193555790271772
    0.1398601398601399    0.6208258991542086    0.6208258991542066    0.6208258991542088
    0.1408591408591409    0.6222715743860660    0.6222715743860638    0.6222715743860662
    0.1418581418581419    0.6236928496997990    0.6236928496997969    0.6236928496997992
    0.1428571428571428    0.6250899676373183    0.6250899676373163    0.6250899676373185
    0.1438561438561439    0.6264631683296010    0.6264631683295991    0.6264631683296012
    0.1448551448551449    0.6278126895206566    0.6278126895206548    0.6278126895206568
    0.1458541458541459    0.6291387665912529    0.6291387665912512    0.6291387665912531
    0.1468531468531468    0.6304416325824083    0.6304416325824068    0.6304416325824085
    0.1478521478521478    0.6317215182186493    0.6317215182186480    0.6317215182186495
    0.1488511488511489    0.6329786519310370    0.6329786519310360    0.6329786519310372
    0.1498501498501499    0.6342132598799648    0.6342132598799639    0.6342132598799650
    0.1508491508491508    0.6354255659777296    0.6354255659777288    0.6354255659777298
    0.1518481518481518    0.6366157919108780    0.6366157919108774    0.6366157919108782
    0.1528471528471528    0.6377841571623316    0.6377841571623311    0.6377841571623318
    0.1538461538461539    0.6389308790332909    0.6389308790332907    0.6389308790332912
    0.1548451548451548    0.6400561726649229    0.6400561726649230    0.6400561726649231
    0.1558441558441558    0.6411602510598319    0.6411602510598322    0.6411602510598321
    0.1568431568431568    0.6422433251033179    0.6422433251033185    0.6422433251033182
    0.1578421578421579    0.6433056035844227    0.6433056035844236    0.6433056035844229
    0.1588411588411588    0.6443472932167675    0.6443472932167685    0.6443472932167678
    0.1598401598401598    0.6453685986591829    0.6453685986591844    0.6453685986591832
    0.1608391608391608    0.6463697225361350    0.6463697225361364    0.6463697225361352
    0.1618381618381618    0.6473508654579460    0.6473508654579477    0.6473508654579462
    0.1628371628371628    0.6483122260408166    0.6483122260408186    0.6483122260408168
    0.1638361638361638    0.6492540009266481    0.6492540009266503    0.6492540009266483
    0.1648351648351648    0.6501763848026666    0.6501763848026690    0.6501763848026668
    0.1658341658341658    0.6510795704208537    0.6510795704208564    0.6510795704208540
    0.1668331668331668    0.6519637486171830    0.6519637486171860    0.6519637486171832
    0.1678321678321678    0.6528291083306662    0.6528291083306695    0.6528291083306664
    0.1688311688311688    0.6536758366222093    0.6536758366222128    0.6536758366222095
    0.1698301698301698    0.6545041186932806    0.6545041186932846    0.6545041186932808
    0.1708291708291708    0.6553141379043956    0.6553141379044000    0.6553141379043959
    0.1718281718281718    0.6561060757934154    0.6561060757934200    0.6561060757934156
    0.1728271728271728    0.6568801120936646    0.6568801120936695    0.6568801120936648
    0.1738261738261738    0.6576364247518691    0.6576364247518743    0.6576364247518693
    0.1748251748251748    0.6583751899459155    0.6583751899459209    0.6583751899459157
    0.1758241758241758    0.6590965821024335    0.6590965821024390    0.6590965821024337
    0.1768231768231768    0.6598007739142039    0.6598007739142098    0.6598007739142042
    0.1778221778221778    0.6604879363573938    0.6604879363574000    0.6604879363573941
    0.1788211788211788    0.6611582387086201    0.6611582387086267    0.6611582387086204
    0.1798201798201798    0.6618118485618435    0.6618118485618504    0.6618118485618438
    0.1808191808191808    0.6624489318450943    0.6624489318451017    0.6624489318450947
    0.1818181818181818    0.6630696528370330    0.6630696528370407    0.6630696528370333
    0.1828171828171828    0.6636741741833444    0.6636741741833524    0.6636741741833447
    0.1838161838161838    0.6642626569129707    0.6642626569129788    0.6642626569129710
    0.1848151848151848    0.6648352604541816    0.6648352604541902    0.6648352604541820
    0.1858141858141858    0.6653921426504865    0.6653921426504952    0.6653921426504869
    0.1868131868131868    0.6659334597763863    0.6659334597763952    0.6659334597763866
    0.1878121878121878    0.6664593665529706    0.6664593665529794    0.6664593665529709
    0.1888111888111888    0.6669700161633583    0.6669700161633675    0.6669700161633586
    0.1898101898101898    0.6674655602679862    0.6674655602679956    0.6674655602679865
    0.1908091908091908    0.6679461490197447    0.6679461490197542    0.6679461490197450
    0.1918081918081918    0.6684119310789629    0.6684119310789726    0.6684119310789632
    0.1928071928071928    0.6688630536282451    0.6688630536282553    0.6688630536282454
    0.1938061938061938    0.6692996623871602    0.6692996623871708    0.6692996623871605
    0.1948051948051948    0.6697219016267845    0.6697219016267955    0.6697219016267848
    0.1958041958041958    0.6701299141840997    0.6701299141841111    0.6701299141841001
    0.1968031968031968    0.6705238414762489    0.6705238414762607    0.6705238414762493
    0.1978021978021978    0.6709038235146498    0.6709038235146618    0.6709038235146502
    0.1988011988011988    0.6712699989189677    0.6712699989189801    0.6712699989189680
    0.1998001998001998    0.6716225049309503    0.6716225049309631    0.6716225049309507
    0.2007992007992008    0.6719614774281248    0.6719614774281381    0.6719614774281252
    0.2017982017982018    0.6722870509373581    0.6722870509373718    0.6722870509373584
    0.2027972027972028    0.6725993586482830    0.6725993586482972    0.6725993586482834
    0.2037962037962038    0.6728985324265907    0.6728985324266051    0.6728985324265910
    0.2047952047952048    0.6731847028271910    0.6731847028272059    0.6731847028271913
    0.2057942057942058    0.6734579991072419    0.6734579991072571    0.6734579991072422
    0.2067932067932068    0.6737185492390497    0.6737185492390654    0.6737185492390501
    0.2077922077922078    0.6739664799228406    0.6739664799228569    0.6739664799228411
    0.2087912087912088    0.6742019165994062    0.6742019165994226    0.6742019165994065
    0.2097902097902098    0.6744249834626210    0.6744249834626379    0.6744249834626214
    0.2107892107892108    0.6746358034718390    0.6746358034718564    0.6746358034718394
    0.2117882117882118    0.6748344983641641    0.6748344983641819    0.6748344983641644
    0.2127872127872128    0.6750211886665998    0.6750211886666181    0.6750211886666001
    0.2137862137862138    0.6751959937080779    0.6751959937080968    0.6751959937080783
    0.2147852147852148    0.6753590316313680    0.6753590316313876    0.6753590316313683
    0.2157842157842158    0.6755104194048678    0.6755104194048878    0.6755104194048681
    0.2167832167832168    0.6756502728342767    0.6756502728342972    0.6756502728342770
    0.2177822177822178    0.6757787065741540    0.6757787065741752    0.6757787065741543
    0.2187812187812188    0.6758958341393606    0.6758958341393824    0.6758958341393611
    0.2197802197802198    0.6760017679163889    0.6760017679164113    0.6760017679163894
    0.2207792207792208    0.6760966191745784    0.6760966191746013    0.6760966191745789
    0.2217782217782218    0.6761804980772205    0.6761804980772437    0.6761804980772209
    0.2227772227772228    0.6762535136925530    0.6762535136925769    0.6762535136925535
    0.2237762237762238    0.6763157740046460    0.6763157740046704    0.6763157740046465
    0.2247752247752248    0.6763673859241774    0.6763673859242026    0.6763673859241780
    0.2257742257742258    0.6764084552991041    0.6764084552991300    0.6764084552991046
    0.2267732267732268    0.6764390869252251    0.6764390869252516    0.6764390869252257
    0.2277722277722278    0.6764593845566398    0.6764593845566669    0.6764593845566405
    0.2287712287712288    0.6764694509161037    0.6764694509161314    0.6764694509161042
    0.2297702297702298    0.6764693877052798    0.6764693877053081    0.6764693877052803
    0.2307692307692308    0.6764592956148882    0.6764592956149171    0.6764592956148887
    0.2317682317682318    0.6764392743347557    0.6764392743347855    0.6764392743347563
    0.2327672327672328    0.6764094225637649    0.6764094225637954    0.6764094225637655
    0.2337662337662338    0.6763698380197040    0.6763698380197353    0.6763698380197045
    0.2347652347652348    0.6763206174490196    0.6763206174490517    0.6763206174490202
    0.2357642357642358    0.6762618566364722    0.6762618566365050    0.6762618566364729
    0.2367632367632368    0.6761936504146950    0.6761936504147285    0.6761936504146957
    0.2377622377622378    0.6761160926736590    0.6761160926736931    0.6761160926736596
    0.2387612387612388    0.6760292763700426    0.6760292763700774    0.6760292763700432
    0.2397602397602397    0.6759332935365095    0.6759332935365450    0.6759332935365101
    0.2407592407592408    0.6758282352908934    0.6758282352909295    0.6758282352908940
    0.2417582417582418    0.6757141918452916    0.6757141918453283    0.6757141918452921
    0.2427572427572428    0.6755912525150680    0.6755912525151054    0.6755912525150687
    0.2437562437562437    0.6754595057277677    0.6754595057278057    0.6754595057277683
    0.2447552447552448    0.6753190390319411    0.6753190390319798    0.6753190390319417
    0.2457542457542458    0.6751699391058822    0.6751699391059214    0.6751699391058827
    0.2467532467532468    0.6750122917662787    0.6750122917663182    0.6750122917662794
    0.2477522477522477    0.6748461819767769    0.6748461819768169    0.6748461819767775
    0.2487512487512487    0.6746716938564609    0.6746716938565014    0.6746716938564614
    0.2497502497502498    0.6744889106882479    0.6744889106882889    0.6744889106882485
    0.2507492507492508    0.6742979149272001    0.6742979149272418    0.6742979149272007
    0.2517482517482518    0.6740987882087539    0.6740987882087961    0.6740987882087546
    0.2527472527472527    0.6738916113568665    0.6738916113569092    0.6738916113568670
    0.2537462537462538    0.6736764643920828    0.6736764643921263    0.6736764643920835
    0.2547452547452547    0.6734534265395218    0.6734534265395656    0.6734534265395223
    0.2557442557442557    0.6732225762367822    0.6732225762368267    0.6732225762367828
    0.2567432567432568    0.6729839911417721    0.6729839911418173    0.6729839911417728
    0.2577422577422577    0.6727377481404584    0.6727377481405041    0.6727377481404591
    0.2587412587412588    0.6724839233545400    0.6724839233545864    0.6724839233545408
    0.2597402597402597    0.6722225921490457    0.6722225921490926    0.6722225921490463
    0.2607392607392607    0.6719538291398546    0.6719538291399021    0.6719538291398552
    0.2617382617382618    0.6716777082011437    0.6716777082011917    0.6716777082011444
    0.2627372627372627    0.6713943024727601    0.6713943024728085    0.6713943024727608
    0.2637362637362637    0.6711036843675209    0.6711036843675700    0.6711036843675215
    0.2647352647352647    0.6708059255784397    0.6708059255784892    0.6708059255784403
    0.2657342657342657    0.6705010970858819    0.6705010970859318    0.6705010970858826
    0.2667332667332667    0.6701892691646482    0.6701892691646985    0.6701892691646488
    0.2677322677322677    0.6698705113909886    0.6698705113910396    0.6698705113909894
    0.2687312687312687    0.6695448926495464    0.6695448926495977    0.6695448926495471
    0.2697302697302698    0.6692124811402320    0.6692124811402839    0.6692124811402327
    0.2707292707292707    0.6688733443850301    0.6688733443850824    0.6688733443850308
    0.2717282717282717    0.6685275492347381    0.6685275492347909    0.6685275492347388
    0.2727272727272727    0.6681751618756385    0.6681751618756916    0.6681751618756392
    0.2737262737262737    0.6678162478361034    0.6678162478361569    0.6678162478361040
    0.2747252747252747    0.6674508719931350    0.6674508719931890    0.6674508719931357
    0.2757242757242757    0.6670790985788404    0.6670790985788949    0.6670790985788411
    0.2767232767232767    0.6667009911868418    0.6667009911868967    0.6667009911868425
    0.2777222777222777    0.6663166127786230    0.6663166127786783    0.6663166127786236
    0.2787212787212787    0.6659260256898135    0.6659260256898692    0.6659260256898143
    0.2797202797202797    0.6655292916364096    0.6655292916364656    0.6655292916364103
    0.2807192807192807    0.6651264717209333    0.6651264717209897    0.6651264717209341
    0.2817182817182817    0.6647176264385309    0.6647176264385877    0.6647176264385316
    0.2827172827172827    0.6643028156830101    0.6643028156830671    0.6643028156830109
    0.2837162837162837    0.6638820987528179    0.6638820987528752    0.6638820987528186
    0.2847152847152847    0.6634555343569581    0.6634555343570157    0.6634555343569588
    0.2857142857142857    0.6630231806208512    0.6630231806209089    0.6630231806208517
    0.2867132867132867    0.6625850950921345    0.6625850950921923    0.6625850950921350
    0.2877122877122877    0.6621413347464061    0.6621413347464642    0.6621413347464067
    0.2887112887112887    0.6616919559929112    0.6616919559929696    0.6616919559929118
    0.2897102897102897    0.6612370146801712    0.6612370146802299    0.6612370146801717
    0.2907092907092907    0.6607765661015581    0.6607765661016173    0.6607765661015587
    0.2917082917082917    0.6603106650008126    0.6603106650008721    0.6603106650008133
    0.2927072927072927    0.6598393655775073    0.6598393655775673    0.6598393655775079
    0.2937062937062937    0.6593627214924561    0.6593627214925165    0.6593627214924567
    0.2947052947052947    0.6588807858730696    0.6588807858731305    0.6588807858730702
    0.2957042957042957    0.6583936113186578    0.6583936113187192    0.6583936113186585
    0.2967032967032967    0.6579012499056786    0.6579012499057404    0.6579012499056791
    0.2977022977022977    0.6574037531929352    0.6574037531929977    0.6574037531929358
    0.2987012987012987    0.6569011722267231    0.6569011722267860    0.6569011722267236
    0.2997002997002997    0.6563935575459223    0.6563935575459858    0.6563935575459229
    0.3006993006993007    0.6558809591870437    0.6558809591871076    0.6558809591870443
    0.3016983016983017    0.6553634266892204    0.6553634266892849    0.6553634266892210
    0.3026973026973027    0.6548410090991538    0.6548410090992187    0.6548410090991543
    0.3036963036963037    0.6543137549760066    0.6543137549760722    0.6543137549760072
    0.3046953046953047    0.6537817123962508    0.6537817123963171    0.6537817123962514
    0.3056943056943057    0.6532449289584648    0.6532449289585317    0.6532449289584653
    0.3066933066933067    0.6527034517880839    0.6527034517881514    0.6527034517880844
    0.3076923076923077    0.6521573275421035    0.6521573275421716    0.6521573275421041
    0.3086913086913087    0.6516066024137360    0.6516066024138047    0.6516066024137366
    0.3096903096903097    0.6510513221370203    0.6510513221370896    0.6510513221370209
    0.3106893106893107    0.6504915319913864    0.6504915319914562    0.6504915319913870
    0.3116883116883117    0.6499272768061741    0.6499272768062443    0.6499272768061747
    0.3126873126873127    0.6493586009651074    0.6493586009651779    0.6493586009651080
    0.3136863136863137    0.6487855484107238    0.6487855484107947    0.6487855484107243
    0.3146853146853147    0.6482081626487598    0.6482081626488311    0.6482081626487604
    0.3156843156843157    0.6476264867524931    0.6476264867525647    0.6476264867524937
    0.3166833166833167    0.6470405633670407    0.6470405633671128    0.6470405633670414
    0.3176823176823177    0.6464504347136160    0.6464504347136885    0.6464504347136166
    0.3186813186813187    0.6458561425937414    0.6458561425938142    0.6458561425937420
    0.3196803196803197    0.6452577283934209    0.6452577283934943    0.6452577283934215
    0.3206793206793207    0.6446552330872701    0.6446552330873438    0.6446552330872708
    0.3216783216783217    0.6440486972426058    0.6440486972426799    0.6440486972426064
    0.3226773226773227    0.6434381610234944    0.6434381610235688    0.6434381610234949
    0.3236763236763237    0.6428236641947601    0.6428236641948348    0.6428236641947607
    0.3246753246753247    0.6422052461259543    0.6422052461260294    0.6422052461259549
    0.3256743256743257    0.6415829457952837    0.6415829457953592    0.6415829457952843
    0.3266733266733267    0.6409568017935017    0.6409568017935775    0.6409568017935022
    0.3276723276723277    0.6403268523277580    0.6403268523278343    0.6403268523277587
    0.3286713286713286    0.6396931352254134    0.6396931352254900    0.6396931352254139
    0.3296703296703297    0.6390556879378139    0.6390556879378908    0.6390556879378144
    0.3306693306693307    0.6384145475440288    0.6384145475441063    0.6384145475440294
    0.3316683316683317    0.6377697507545517    0.6377697507546296    0.6377697507545522
    0.3326673326673327    0.6371213339149633    0.6371213339150417    0.6371213339149638
    0.3336663336663337    0.6364693330095593    0.6364693330096381    0.6364693330095600
    0.3346653346653347    0.6358137836649419    0.6358137836650209    0.6358137836649425
    0.3356643356643357    0.6351547211535744    0.6351547211536540    0.6351547211535750
    0.3366633366633366    0.6344921803973029    0.6344921803973830    0.6344921803973035
    0.3376623376623377    0.6338261959708401    0.6338261959709206    0.6338261959708407
    0.3386613386613387    0.6331568021052167    0.6331568021052978    0.6331568021052173
    0.3396603396603396    0.6324840326911977    0.6324840326912793    0.6324840326911982
    0.3406593406593407    0.6318079212826644    0.6318079212827467    0.6318079212826651
    0.3416583416583416    0.6311285010999634    0.6311285011000464    0.6311285010999640
    0.3426573426573427    0.6304458050332218    0.6304458050333053    0.6304458050332223
    0.3436563436563437    0.6297598656456297    0.6297598656457137    0.6297598656456302
    0.3446553446553446    0.6290707151766902    0.6290707151767748    0.6290707151766908
    0.3456543456543457    0.6283783855454370    0.6283783855455219    0.6283783855454376
    0.3466533466533466    0.6276829083536195    0.6276829083537050    0.6276829083536201
    0.3476523476523476    0.6269843148888572    0.6269843148889431    0.6269843148888578
    0.3486513486513487    0.6262826361277619    0.6262826361278483    0.6262826361277625
    0.3496503496503496    0.6255779027390295    0.6255779027391165    0.6255779027390301
    0.3506493506493507    0.6248701450865005    0.6248701450865881    0.6248701450865013
    0.3516483516483516    0.6241593932321906    0.6241593932322789    0.6241593932321914
    0.3526473526473526    0.6234456769392908    0.6234456769393794    0.6234456769392914
    0.3536463536463537    0.6227290256751372    0.6227290256752264    0.6227290256751379
    0.3546453546453546    0.6220094686141534    0.6220094686142432    0.6220094686141541
    0.3556443556443556    0.6212870346407603    0.6212870346408509    0.6212870346407610
    0.3566433566433567    0.6205617523522604    0.6205617523523517    0.6205617523522611
    0.3576423576423576    0.6198336500616909    0.6198336500617827    0.6198336500616917
    0.3586413586413587    0.6191027558006493    0.6191027558007418    0.6191027558006501
    0.3596403596403596    0.6183690973220919    0.6183690973221849    0.6183690973220926
    0.3606393606393606    0.6176327021031023    0.6176327021031960    0.6176327021031028
    0.3616383616383617    0.6168935973476346    0.6168935973477291    0.6168935973476352
    0.3626373626373626    0.6161518099892282    0.6161518099893234    0.6161518099892288
    0.3636363636363636    0.6154073666936959    0.6154073666937916    0.6154073666936964
    0.3646353646353646    0.6146602938617843    0.6146602938618808    0.6146602938617850
    0.3656343656343656    0.6139106176318100    0.6139106176319070    0.6139106176318105
    0.3666333666333667    0.6131583638822671    0.6131583638823646    0.6131583638822677
    0.3676323676323676    0.6124035582344105    0.6124035582345084    0.6124035582344111
    0.3686313686313686    0.6116462260548127    0.6116462260549110    0.6116462260548132
    0.3696303696303696    0.6108863924578952    0.6108863924579941    0.6108863924578958
    0.3706293706293706    0.6101240823084360    0.6101240823085353    0.6101240823084365
    0.3716283716283716    0.6093593202240495    0.6093593202241495    0.6093593202240500
    0.3726273726273726    0.6085921305776449    0.6085921305777454    0.6085921305776455
    0.3736263736263736    0.6078225374998576    0.6078225374999586    0.6078225374998582
    0.3746253746253747    0.6070505648814578    0.6070505648815594    0.6070505648814584
    0.3756243756243756    0.6062762363757350    0.6062762363758372    0.6062762363757356
    0.3766233766233766    0.6054995754008585    0.6054995754009613    0.6054995754008592
    0.3776223776223776    0.6047206051422146    0.6047206051423180    0.6047206051422153
    0.3786213786213786    0.6039393485547203    0.6039393485548241    0.6039393485547209
    0.3796203796203796    0.6031558283651144    0.6031558283652187    0.6031558283651149
    0.3806193806193806    0.6023700670742258    0.6023700670743308    0.6023700670742264
    0.3816183816183816    0.6015820869592189    0.6015820869593245    0.6015820869592194
    0.3826173826173826    0.6007919100758169    0.6007919100759229    0.6007919100758174
    0.3836163836163836    0.5999995582605030    0.5999995582606098    0.5999995582605036
    0.3846153846153846    0.5992050531326999    0.5992050531328073    0.5992050531327004
    0.3856143856143856    0.5984084160969271    0.5984084160970351    0.5984084160969276
    0.3866133866133866    0.5976096683449372    0.5976096683450460    0.5976096683449378
    0.3876123876123876    0.5968088308578314    0.5968088308579410    0.5968088308578320
    0.3886113886113886    0.5960059244081527    0.5960059244082629    0.5960059244081533
    0.3896103896103896    0.5952009695619591    0.5952009695620699    0.5952009695619597
    0.3906093906093906    0.5943939866808765    0.5943939866809881    0.5943939866808772
    0.3916083916083916    0.5935849959241306    0.5935849959242431    0.5935849959241312
    0.3926073926073926    0.5927740172505590    0.5927740172506721    0.5927740172505596
    0.3936063936063936    0.5919610704206026    0.5919610704207164    0.5919610704206032
    0.3946053946053946    0.5911461749982784    0.5911461749983929    0.5911461749982789
    0.3956043956043956    0.5903293503531315    0.5903293503532466    0.5903293503531322
    0.3966033966033966    0.5895106156621686    0.5895106156622844    0.5895106156621691
    0.3976023976023976    0.5886899899117711    0.5886899899118877    0.5886899899117717
    0.3986013986013986    0.5878674918995913    0.5878674918997085    0.5878674918995920
    0.3996003996003996    0.5870431402364272    0.5870431402365452    0.5870431402364278
    0.4005994005994006    0.5862169533480804    0.5862169533481992    0.5862169533480811
    0.4015984015984016    0.5853889494771952    0.5853889494773148    0.5853889494771958
    0.4025974025974026    0.5845591466850787    0.5845591466851988    0.5845591466850792
    0.4035964035964036    0.5837275628535036    0.5837275628536244    0.5837275628535042
    0.4045954045954046    0.5828942156864930    0.5828942156866144    0.5828942156864937
    0.4055944055944056    0.5820591227120870    0.5820591227122091    0.5820591227120877
    0.4065934065934066    0.5812223012840925    0.5812223012842150    0.5812223012840931
    0.4075924075924076    0.5803837685838142    0.5803837685839375    0.5803837685838148
    0.4085914085914086    0.5795435416217702    0.5795435416218944    0.5795435416217709
    0.4095904095904096    0.5787016372393897    0.5787016372395145    0.5787016372393904
    0.4105894105894106    0.5778580721106931    0.5778580721108185    0.5778580721106937
    0.4115884115884116    0.5770128627439562    0.5770128627440824    0.5770128627439569
    0.4125874125874126    0.5761660254833586    0.5761660254834854    0.5761660254833593
    0.4135864135864136    0.5753175765106138    0.5753175765107410    0.5753175765106144
    0.4145854145854146    0.5744675318465846    0.5744675318467124    0.5744675318465853
    0.4155844155844156    0.5736159073528821    0.5736159073530105    0.5736159073528829
    0.4165834165834166    0.5727627187334490    0.5727627187335778    0.5727627187334496
    0.4175824175824176    0.5719079815361258    0.5719079815362549    0.5719079815361264
    0.4185814185814186    0.5710517111542034    0.5710517111543331    0.5710517111542041
    0.4195804195804196    0.5701939228279596    0.5701939228280897    0.5701939228279602
    0.4205794205794206    0.5693346316461789    0.5693346316463095    0.5693346316461796
    0.4215784215784216    0.5684738525476599    0.5684738525477909    0.5684738525476606
    0.4225774225774226    0.5676116003227049    0.5676116003228362    0.5676116003227055
    0.4235764235764236    0.5667478896145965    0.5667478896147281    0.5667478896145972
    0.4245754245754246    0.5658827349210592    0.5658827349211915    0.5658827349210599
    0.4255744255744256    0.5650161505957063    0.5650161505958389    0.5650161505957071
    0.4265734265734266    0.5641481508494719    0.5641481508496051    0.5641481508494726
    0.4275724275724276    0.5632787497520297    0.5632787497521633    0.5632787497520304
    0.4285714285714285    0.5624079612331970    0.5624079612333310    0.5624079612331978
    0.4295704295704296    0.5615357990843248    0.5615357990844592    0.5615357990843256
    0.4305694305694306    0.5606622769596743    0.5606622769598089    0.5606622769596750
    0.4315684315684316    0.5597874083777793    0.5597874083779142    0.5597874083777800
    0.4325674325674326    0.5589112067227958    0.5589112067229313    0.5589112067227966
    0.4335664335664335    0.5580336852458380    0.5580336852459737    0.5580336852458386
    0.4345654345654346    0.5571548570662997    0.5571548570664362    0.5571548570663004
    0.4355644355644356    0.5562747351731651    0.5562747351733018    0.5562747351731657
    0.4365634365634365    0.5553933324263035    0.5553933324264410    0.5553933324263042
    0.4375624375624376    0.5545106615577542    0.5545106615578922    0.5545106615577549
    0.4385614385614386    0.5536267351729961    0.5536267351731348    0.5536267351729968
    0.4395604395604396    0.5527415657522065    0.5527415657523458    0.5527415657522071
    0.4405594405594406    0.5518551656515059    0.5518551656516457    0.5518551656515066
    0.4415584415584415    0.5509675471041922    0.5509675471043324    0.5509675471041928
    0.4425574425574426    0.5500787222219601    0.5500787222221007    0.5500787222219609
    0.4435564435564436    0.5491887029961114    0.5491887029962524    0.5491887029961121
    0.4445554445554445    0.5482975012987508    0.5482975012988923    0.5482975012987514
    0.4455544455544456    0.5474051288839707    0.5474051288841126    0.5474051288839715
    0.4465534465534465    0.5465115973890253    0.5465115973891677    0.5465115973890260
    0.4475524475524476    0.5456169183354905    0.5456169183356333    0.5456169183354912
    0.4485514485514486    0.5447211031304151    0.5447211031305585    0.5447211031304158
    0.4495504495504495    0.5438241630674586    0.5438241630676024    0.5438241630674593
    0.4505494505494506    0.5429261093280183    0.5429261093281627    0.5429261093280190
    0.4515484515484515    0.5420269529823452    0.5420269529824903    0.5420269529823458
    0.4525474525474525    0.5411267049906492    0.5411267049907950    0.5411267049906499
    0.4535464535464536    0.5402253762041928    0.5402253762043392    0.5402253762041934
    0.4545454545454545    0.5393229773663736    0.5393229773665207    0.5393229773663742
    0.4555444555444556    0.5384195191137973    0.5384195191139449    0.5384195191137979
    0.4565434565434565    0.5375150119773382    0.5375150119774866    0.5375150119773389
    0.4575424575424575    0.5366094663831914    0.5366094663833405    0.5366094663831921
    0.4585414585414586    0.5357028926539125    0.5357028926540622    0.5357028926539132
    0.4595404595404595    0.5347953010094478    0.5347953010095986    0.5347953010094486
    0.4605394605394605    0.5338867015681553    0.5338867015683066    0.5338867015681560
    0.4615384615384616    0.5329771043478128    0.5329771043479649    0.5329771043478134
    0.4625374625374625    0.5320665192666190    0.5320665192667717    0.5320665192666197
    0.4635364635364635    0.5311549561441833    0.5311549561443367    0.5311549561441840
    0.4645354645354645    0.5302424247025050    0.5302424247026593    0.5302424247025058
    0.4655344655344655    0.5293289345669445    0.5293289345670992    0.5293289345669452
    0.4665334665334666    0.5284144952671828    0.5284144952673381    0.5284144952671834
    0.4675324675324675    0.5274991162381736    0.5274991162383298    0.5274991162381745
    0.4685314685314685    0.5265828068210849    0.5265828068212419    0.5265828068210858
    0.4695304695304695    0.5256655762642307    0.5256655762643885    0.5256655762642316
    0.4705294705294705    0.5247474337239940    0.5247474337241524    0.5247474337239949
    0.4715284715284715    0.5238283882657409    0.5238283882659001    0.5238283882657416
    0.4725274725274725    0.5229084488647254    0.5229084488648851    0.5229084488647262
    0.4735264735264735    0.5219876244069849    0.5219876244071452    0.5219876244069858
    0.4745254745254745    0.5210659236902272    0.5210659236903880    0.5210659236902280
    0.4755244755244755    0.5201433554247082    0.5201433554248697    0.5201433554247091
    0.4765234765234765    0.5192199282341020    0.5192199282342640    0.5192199282341029
    0.4775224775224775    0.5182956506563605    0.5182956506565229    0.5182956506563614
    0.4785214785214785    0.5173705311445663    0.5173705311447292    0.5173705311445671
    0.4795204795204795    0.5164445780677757    0.5164445780679392    0.5164445780677765
    0.4805194805194805    0.5155177997118546    0.5155177997120186    0.5155177997118555
    0.4815184815184815    0.5145902042803051    0.5145902042804695    0.5145902042803059
    0.4825174825174825    0.5136617998950840    0.5136617998952491    0.5136617998950849
    0.4835164835164835    0.5127325945974137    0.5127325945975792    0.5127325945974146
    0.4845154845154845    0.5118025963485848    0.5118025963487509    0.5118025963485857
    0.4855144855144855    0.5108718130307504    0.5108718130309169    0.5108718130307512
    0.4865134865134865    0.5099402524477127    0.5099402524478795    0.5099402524477135
    0.4875124875124875    0.5090079223257019    0.5090079223258692    0.5090079223257028
    0.4885114885114885    0.5080748303141478    0.5080748303143154    0.5080748303141487
    0.4895104895104895    0.5071409839864420    0.5071409839866101    0.5071409839864429
    0.4905094905094905    0.5062063908406954    0.5062063908408636    0.5062063908406962
    0.4915084915084915    0.5052710583004847    0.5052710583006532    0.5052710583004857
    0.4925074925074925    0.5043349937155950    0.5043349937157637    0.5043349937155959
    0.4935064935064935    0.5033982043627520    0.5033982043629209    0.5033982043627528
    0.4945054945054945    0.5024606974463489    0.5024606974465181    0.5024606974463498
    0.4955044955044955    0.5015224800991653    0.5015224800993345    0.5015224800991662
    0.4965034965034965    0.5005835593830790    0.5005835593832482    0.5005835593830799
    0.4975024975024975    0.4996439422897705    0.4996439422899397    0.4996439422897714
    0.4985014985014985    0.4987036357414216    0.4987036357415906    0.4987036357414225
    0.4995004995004995    0.4977626465914052    0.4977626465915741    0.4977626465914061
    0.5004995004995005    0.4968209816249700    0.4968209816251389    0.4968209816249710
    0.5014985014985015    0.4958786475599176    0.4958786475600864    0.4958786475599185
    0.5024975024975025    0.4949356510472726    0.4949356510474411    0.4949356510472735
    0.5034965034965035    0.4939919986719465    0.4939919986721150    0.4939919986719475
    0.5044955044955045    0.4930476969533953    0.4930476969535634    0.4930476969533962
    0.5054945054945055    0.4921027523462694    0.4921027523464373    0.4921027523462703
    0.5064935064935064    0.4911571712410585    0.4911571712412262    0.4911571712410595
    0.5074925074925075    0.4902109599647290    0.4902109599648965    0.4902109599647300
    0.5084915084915085    0.4892641247813555    0.4892641247815227    0.4892641247813564
    0.5094905094905094    0.4883166718927459    0.4883166718929129    0.4883166718927468
    0.5104895104895105    0.4873686074390605    0.4873686074392273    0.4873686074390614
    0.5114885114885115    0.4864199374994247    0.4864199374995913    0.4864199374994256
    0.5124875124875125    0.4854706680925358    0.4854706680927022    0.4854706680925367
    0.5134865134865135    0.4845208051772634    0.4845208051774295    0.4845208051772643
    0.5144855144855145    0.4835703546532444    0.4835703546534104    0.4835703546532454
    0.5154845154845155    0.4826193223614718    0.4826193223616375    0.4826193223614726
    0.5164835164835165    0.4816677140848771    0.4816677140850426    0.4816677140848781
    0.5174825174825175    0.4807155355489085    0.4807155355490738    0.4807155355489094
    0.5184815184815185    0.4797627924221011    0.4797627924222663    0.4797627924221021
    0.5194805194805194    0.4788094903166437    0.4788094903168087    0.4788094903166446
    0.5204795204795205    0.4778556347889378    0.4778556347891028    0.4778556347889388
    0.5214785214785215    0.4769012313401534    0.4769012313403182    0.4769012313401543
    0.5224775224775224    0.4759462854167767    0.4759462854169415    0.4759462854167777
    0.5234765234765235    0.4749908024111551    0.4749908024113196    0.4749908024111560
    0.5244755244755245    0.4740347876620337    0.4740347876621980    0.4740347876620346
    0.5254745254745254    0.4730782464550897    0.4730782464552538    0.4730782464550906
    0.5264735264735265    0.4721211840234587    0.4721211840236227    0.4721211840234597
    0.5274725274725275    0.4711636055482580    0.4711636055484218    0.4711636055482589
    0.5284715284715285    0.4702055161591027    0.4702055161592663    0.4702055161591036
    0.5294705294705294    0.4692469209346183    0.4692469209347819    0.4692469209346193
    0.5304695304695305    0.4682878249029476    0.4682878249031110    0.4682878249029485
    0.5314685314685315    0.4673282330422518    0.4673282330424151    0.4673282330422527
    0.5324675324675324    0.4663681502812083    0.4663681502813714    0.4663681502812092
    0.5334665334665335    0.4654075814995017    0.4654075814996645    0.4654075814995026
    0.5344655344655345    0.4644465315283114    0.4644465315284739    0.4644465315283123
    0.5354645354645354    0.4634850051507935    0.4634850051509556    0.4634850051507943
    0.5364635364635365    0.4625230071025581    0.4625230071027199    0.4625230071025590
    0.5374625374625375    0.4615605420721423    0.4615605420723036    0.4615605420721431
    0.5384615384615384    0.4605976147014774    0.4605976147016384    0.4605976147014782
    0.5394605394605395    0.4596342295863530    0.4596342295865136    0.4596342295863538
    0.5404595404595405    0.4586703912768753    0.4586703912770355    0.4586703912768760
    0.5414585414585414    0.4577061042779209    0.4577061042780808    0.4577061042779217
    0.5424575424575424    0.4567413730495870    0.4567413730497465    0.4567413730495878
    0.5434565434565435    0.4557762020076359    0.4557762020077950    0.4557762020076367
    0.5444555444555444    0.4548105955239364    0.4548105955240949    0.4548105955239372
    0.5454545454545454    0.4538445579268992    0.4538445579270573    0.4538445579269000
    0.5464535464535465    0.4528780935019099    0.4528780935020674    0.4528780935019107
    0.5474525474525475    0.4519112064917559    0.4519112064919129    0.4519112064917567
    0.5484515484515484    0.4509439010970501    0.4509439010972066    0.4509439010970509
    0.5494505494505495    0.4499761814766504    0.4499761814768063    0.4499761814766511
    0.5504495504495505    0.4490080517480742    0.4490080517482296    0.4490080517480750
    0.5514485514485514    0.4480395159879099    0.4480395159880649    0.4480395159879108
    0.5524475524475524    0.4470705782322234    0.4470705782323779    0.4470705782322242
    0.5534465534465535    0.4461012424769609    0.4461012424771151    0.4461012424769618
    0.5544455544455544    0.4451315126783479    0.4451315126785017    0.4451315126783488
    0.5554445554445554    0.4441613927532840    0.4441613927534373    0.4441613927532849
    0.5564435564435565    0.4431908865797335    0.4431908865798864    0.4431908865797343
    0.5574425574425574    0.4422199979971129    0.4422199979972653    0.4422199979971138
    0.5584415584415584    0.4412487308066738    0.4412487308068256    0.4412487308066746
    0.5594405594405595    0.4402770887718821    0.4402770887720335    0.4402770887718829
    0.5604395604395604    0.4393050756187940    0.4393050756189449    0.4393050756187948
    0.5614385614385614    0.4383326950364277    0.4383326950365782    0.4383326950364286
    0.5624375624375625    0.4373599506771317    0.4373599506772816    0.4373599506771325
    0.5634365634365635    0.4363868461569485    0.4363868461570979    0.4363868461569493
    0.5644355644355644    0.4354133850559769    0.4354133850561256    0.4354133850559777
    0.5654345654345654    0.4344395709187280    0.4344395709188763    0.4344395709187289
    0.5664335664335665    0.4334654072544799    0.4334654072546276    0.4334654072544807
    0.5674325674325674    0.4324908975376270    0.4324908975377743    0.4324908975376279
    0.5684315684315684    0.4315160452080279    0.4315160452081747    0.4315160452080287
    0.5694305694305695    0.4305408536713475    0.4305408536714938    0.4305408536713483
    0.5704295704295704    0.4295653262993976    0.4295653262995435    0.4295653262993984
    0.5714285714285714    0.4285894664304736    0.4285894664306190    0.4285894664304744
    0.5724275724275725    0.4276132773696869    0.4276132773698317    0.4276132773696877
    0.5734265734265734    0.4266367623892953    0.4266367623894398    0.4266367623892962
    0.5744255744255744    0.4256599247290297    0.4256599247291736    0.4256599247290305
    0.5754245754245755    0.4246827675964168    0.4246827675965602    0.4246827675964176
    0.5764235764235764    0.4237052941670998    0.4237052941672426    0.4237052941671006
    0.5774225774225774    0.4227275075851551    0.4227275075852974    0.4227275075851560
    0.5784215784215784    0.4217494109634062    0.4217494109635479    0.4217494109634070
    0.5794205794205795    0.4207710073837341    0.4207710073838752    0.4207710073837349
    0.5804195804195804    0.4197922998973853    0.4197922998975258    0.4197922998973860
    0.5814185814185814    0.4188132915252757    0.4188132915254156    0.4188132915252765
    0.5824175824175825    0.4178339852582929    0.4178339852584322    0.4178339852582937
    0.5834165834165834    0.4168543840575940    0.4168543840577326    0.4168543840575948
    0.5844155844155844    0.4158744908549013    0.4158744908550392    0.4158744908549021
    0.5854145854145855    0.4148943085527951    0.4148943085529324    0.4148943085527959
    0.5864135864135864    0.4139138400250033    0.4139138400251399    0.4139138400250041
    0.5874125874125874    0.4129330881166881    0.4129330881168241    0.4129330881166889
    0.5884115884115884    0.4119520556447299    0.4119520556448653    0.4119520556447308
    0.5894105894105894    0.4109707453980088    0.4109707453981435    0.4109707453980096
    0.5904095904095904    0.4099891601376823    0.4099891601378165    0.4099891601376831
    0.5914085914085914    0.4090073025974615    0.4090073025975953    0.4090073025974624
    0.5924075924075924    0.4080251754838837    0.4080251754840169    0.4080251754838845
    0.5934065934065934    0.4070427814765822    0.4070427814767150    0.4070427814765830
    0.5944055944055944    0.4060601232285543    0.4060601232286867    0.4060601232285551
    0.5954045954045954    0.4050772033664256    0.4050772033665575    0.4050772033664263
    0.5964035964035964    0.4040940244907123    0.4040940244908439    0.4040940244907131
    0.5974025974025974    0.4031105891760810    0.4031105891762121    0.4031105891760817
    0.5984015984015985    0.4021268999716050    0.4021268999717357    0.4021268999716058
    0.5994005994005994    0.4011429594010195    0.4011429594011497    0.4011429594010202
    0.6003996003996004    0.4001587699629728    0.4001587699631025    0.4001587699629736
    0.6013986013986014    0.3991743341312761    0.3991743341314054    0.3991743341312768
    0.6023976023976024    0.3981896543551501    0.3981896543552790    0.3981896543551509
    0.6033966033966034    0.3972047330594698    0.3972047330595982    0.3972047330594705
    0.6043956043956044    0.3962195726450060    0.3962195726451340    0.3962195726450067
    0.6053946053946054    0.3952341754886653    0.3952341754887929    0.3952341754886661
    0.6063936063936064    0.3942485439437272    0.3942485439438544    0.3942485439437280
    0.6073926073926074    0.3932626803400790    0.3932626803402060    0.3932626803400798
    0.6083916083916084    0.3922765869844482    0.3922765869845750    0.3922765869844489
    0.6093906093906094    0.3912902661606329    0.3912902661607593    0.3912902661606336
    0.6103896103896104    0.3903037201297296    0.3903037201298558    0.3903037201297302
    0.6113886113886113    0.3893169511303586    0.3893169511304845    0.3893169511303592
    0.6123876123876124    0.3883299613788881    0.3883299613790137    0.3883299613788888
    0.6133866133866134    0.3873427530696549    0.3873427530697801    0.3873427530696555
    0.6143856143856143    0.3863553283751833    0.3863553283753081    0.3863553283751839
    0.6153846153846154    0.3853676894464020    0.3853676894465264    0.3853676894464027
    0.6163836163836164    0.3843798384128593    0.3843798384129834    0.3843798384128600
    0.6173826173826173    0.3833917773829351    0.3833917773830586    0.3833917773829357
    0.6183816183816184    0.3824035084440510    0.3824035084441741    0.3824035084440516
    0.6193806193806194    0.3814150336628795    0.3814150336630022    0.3814150336628802
    0.6203796203796204    0.3804263550855498    0.3804263550856720    0.3804263550855504
    0.6213786213786214    0.3794374747378516    0.3794374747379733    0.3794374747378522
    0.6223776223776224    0.3784483946254380    0.3784483946255594    0.3784483946254387
    0.6233766233766234    0.3774591167340255    0.3774591167341465    0.3774591167340262
    0.6243756243756243    0.3764696430295918    0.3764696430297124    0.3764696430295925
    0.6253746253746254    0.3754799754585723    0.3754799754586924    0.3754799754585729
    0.6263736263736264    0.3744901159480541    0.3744901159481739    0.3744901159480547
    0.6273726273726273    0.3735000664059688    0.3735000664060885    0.3735000664059695
    0.6283716283716284    0.3725098287212828    0.3725098287214021    0.3725098287212835
    0.6293706293706294    0.3715194047641852    0.3715194047643041    0.3715194047641858
    0.6303696303696303    0.3705287963862750    0.3705287963863937    0.3705287963862757
    0.6313686313686314    0.3695380054207461    0.3695380054208645    0.3695380054207467
    0.6323676323676324    0.3685470336825696    0.3685470336826878    0.3685470336825702
    0.6333666333666333    0.3675558829686756    0.3675558829687935    0.3675558829686763
    0.6343656343656343    0.3665645550581320    0.3665645550582496    0.3665645550581327
    0.6353646353646354    0.3655730517123223    0.3655730517124396    0.3655730517123231
    0.6363636363636364    0.3645813746751215    0.3645813746752384    0.3645813746751222
    0.6373626373626373    0.3635895256730698    0.3635895256731863    0.3635895256730705
    0.6383616383616384    0.3625975064155451    0.3625975064156614    0.3625975064155458
    0.6393606393606394    0.3616053185949339    0.3616053185950498    0.3616053185949347
    0.6403596403596403    0.3606129638867997    0.3606129638869152    0.3606129638868004
    0.6413586413586414    0.3596204439500504    0.3596204439501656    0.3596204439500512
    0.6423576423576424    0.3586277604271041    0.3586277604272190    0.3586277604271049
    0.6433566433566433    0.3576349149440525    0.3576349149441670    0.3576349149440533
    0.6443556443556444    0.3566419091108239    0.3566419091109380    0.3566419091108247
    0.6453546453546454    0.3556487445213430    0.3556487445214568    0.3556487445213439
    0.6463536463536463    0.3546554227536910    0.3546554227538045    0.3546554227536918
    0.6473526473526473    0.3536619453702620    0.3536619453703750    0.3536619453702629
    0.6483516483516484    0.3526683139179198    0.3526683139180324    0.3526683139179206
    0.6493506493506493    0.3516745299281518    0.3516745299282641    0.3516745299281526
    0.6503496503496503    0.3506805949172222    0.3506805949173340    0.3506805949172230
    0.6513486513486514    0.3496865103863228    0.3496865103864342    0.3496865103863236
    0.6523476523476524    0.3486922778217234    0.3486922778218343    0.3486922778217242
    0.6533466533466533    0.3476978986949197    0.3476978986950301    0.3476978986949206
    0.6543456543456544    0.3467033744627806    0.3467033744628905    0.3467033744627814
    0.6553446553446554    0.3457087065676928    0.3457087065678023    0.3457087065676936
    0.6563436563436563    0.3447138964377059    0.3447138964378149    0.3447138964377068
    0.6573426573426573    0.3437189454866739    0.3437189454867823    0.3437189454866747
    0.6583416583416584    0.3427238551143966    0.3427238551145045    0.3427238551143975
    0.6593406593406593    0.3417286267067598    0.3417286267068672    0.3417286267067606
    0.6603396603396603    0.3407332616358730    0.3407332616359799    0.3407332616358739
    0.6613386613386614    0.3397377612602066    0.3397377612603130    0.3397377612602074
    0.6623376623376623    0.3387421269247273    0.3387421269248332    0.3387421269247281
    0.6633366633366633    0.3377463599610326    0.3377463599611379    0.3377463599610334
    0.6643356643356644    0.3367504616874835    0.3367504616875884    0.3367504616874842
    0.6653346653346653    0.3357544334093361    0.3357544334094406    0.3357544334093369
    0.6663336663336663    0.3347582764188719    0.3347582764189760    0.3347582764188727
    0.6673326673326674    0.3337619919955270    0.3337619919956306    0.3337619919955278
    0.6683316683316683    0.3327655814060192    0.3327655814061224    0.3327655814060200
    0.6693306693306693    0.3317690459044749    0.3317690459045778    0.3317690459044758
    0.6703296703296703    0.3307723867325543    0.3307723867326568    0.3307723867325552
    0.6713286713286714    0.3297756051195750    0.3297756051196771    0.3297756051195758
    0.6723276723276723    0.3287787022826347    0.3287787022827365    0.3287787022826356
    0.6733266733266733    0.3277816794267333    0.3277816794268347    0.3277816794267340
    0.6743256743256744    0.3267845377448920    0.3267845377449930    0.3267845377448928
    0.6753246753246753    0.3257872784182736    0.3257872784183743    0.3257872784182744
    0.6763236763236763    0.3247899026162996    0.3247899026163999    0.3247899026163004
    0.6773226773226774    0.3237924114967671    0.3237924114968670    0.3237924114967680
    0.6783216783216783    0.3227948062059645    0.3227948062060639    0.3227948062059653
    0.6793206793206793    0.3217970878787855    0.3217970878788844    0.3217970878787863
    0.6803196803196803    0.3207992576388430    0.3207992576389415    0.3207992576388438
    0.6813186813186813    0.3198013165985806    0.3198013165986786    0.3198013165985814
    0.6823176823176823    0.3188032658593841    0.3188032658594815    0.3188032658593850
    0.6833166833166833    0.3178051065116912    0.3178051065117881    0.3178051065116920
    0.6843156843156843    0.3168068396351002    0.3168068396351965    0.3168068396351010
    0.6853146853146853    0.3158084662984779    0.3158084662985736    0.3158084662984787
    0.6863136863136863    0.3148099875600663    0.3148099875601616    0.3148099875600672
    0.6873126873126874    0.3138114044675885    0.3138114044676832    0.3138114044675894
    0.6883116883116883    0.3128127180583526    0.3128127180584466    0.3128127180583534
    0.6893106893106893    0.3118139293593555    0.3118139293594490    0.3118139293593563
    0.6903096903096904    0.3108150393873856    0.3108150393874786    0.3108150393873864
    0.6913086913086913    0.3098160491491244    0.3098160491492167    0.3098160491491252
    0.6923076923076923    0.3088169596412463    0.3088169596413380    0.3088169596412471
    0.6933066933066933    0.3078177718505187    0.3078177718506098    0.3078177718505195
    0.6943056943056943    0.3068184867539001    0.3068184867539905    0.3068184867539009
    0.6953046953046953    0.3058191053186380    0.3058191053187278    0.3058191053186388
    0.6963036963036963    0.3048196285023649    0.3048196285024542    0.3048196285023657
    0.6973026973026973    0.3038200572531946    0.3038200572532833    0.3038200572531954
    0.6983016983016983    0.3028203925098158    0.3028203925099040    0.3028203925098167
    0.6993006993006993    0.3018206352015870    0.3018206352016746    0.3018206352015878
    0.7002997002997003    0.3008207862486281    0.3008207862487152    0.3008207862486290
    0.7012987012987013    0.2998208465619132    0.2998208465619996    0.2998208465619140
    0.7022977022977023    0.2988208170433607    0.2988208170434465    0.2988208170433614
    0.7032967032967032    0.2978206985859238    0.2978206985860091    0.2978206985859245
    0.7042957042957043    0.2968204920736796    0.2968204920737642    0.2968204920736803
    0.7052947052947053    0.2958201983819170    0.2958201983820011    0.2958201983819178
    0.7062937062937062    0.2948198183772246    0.2948198183773082    0.2948198183772253
    0.7072927072927073    0.2938193529175766    0.2938193529176598    0.2938193529175774
    0.7082917082917083    0.2928188028524190    0.2928188028525014    0.2928188028524197
    0.7092907092907093    0.2918181690227537    0.2918181690228356    0.2918181690227545
    0.7102897102897103    0.2908174522612230    0.2908174522613043    0.2908174522612238
    0.7112887112887113    0.2898166533921926    0.2898166533922733    0.2898166533921933
    0.7122877122877123    0.2888157732318335    0.2888157732319137    0.2888157732318342
    0.7132867132867133    0.2878148125882040    0.2878148125882837    0.2878148125882047
    0.7142857142857143    0.2868137722613300    0.2868137722614092    0.2868137722613308
    0.7152847152847153    0.2858126530432850    0.2858126530433637    0.2858126530432857
    0.7162837162837162    0.2848114557182689    0.2848114557183470    0.2848114557182696
    0.7172827172827173    0.2838101810626866    0.2838101810627641    0.2838101810626873
    0.7182817182817183    0.2828088298452251    0.2828088298453020    0.2828088298452258
    0.7192807192807192    0.2818074028269306    0.2818074028270071    0.2818074028269313
    0.7202797202797203    0.2808059007612844    0.2808059007613602    0.2808059007612851
    0.7212787212787213    0.2798043243942777    0.2798043243943530    0.2798043243942784
    0.7222777222777222    0.2788026744644866    0.2788026744645614    0.2788026744644874
    0.7232767232767233    0.2778009517031454    0.2778009517032196    0.2778009517031462
    0.7242757242757243    0.2767991568342199    0.2767991568342935    0.2767991568342205
    0.7252747252747253    0.2757972905744791    0.2757972905745522    0.2757972905744798
    0.7262737262737263    0.2747953536335676    0.2747953536336402    0.2747953536335683
    0.7272727272727273    0.2737933467140757    0.2737933467141477    0.2737933467140764
    0.7282717282717283    0.2727912705116097    0.2727912705116811    0.2727912705116104
    0.7292707292707292    0.2717891257148615    0.2717891257149324    0.2717891257148622
    0.7302697302697303    0.2707869130056773    0.2707869130057475    0.2707869130056779
    0.7312687312687313    0.2697846330591251    0.2697846330591948    0.2697846330591258
    0.7322677322677322    0.2687822865435632    0.2687822865436322    0.2687822865435638
    0.7332667332667333    0.2677798741207056    0.2677798741207741    0.2677798741207063
    0.7342657342657343    0.2667773964456893    0.2667773964457572    0.2667773964456899
    0.7352647352647352    0.2657748541671385    0.2657748541672058    0.2657748541671390
    0.7362637362637363    0.2647722479272302    0.2647722479272970    0.2647722479272308
    0.7372627372627373    0.2637695783617580    0.2637695783618241    0.2637695783617585
    0.7382617382617382    0.2627668461001954    0.2627668461002609    0.2627668461001958
    0.7392607392607392    0.2617640517657587    0.2617640517658237    0.2617640517657593
    0.7402597402597403    0.2607611959754696    0.2607611959755339    0.2607611959754702
    0.7412587412587412    0.2597582793402161    0.2597582793402799    0.2597582793402167
    0.7422577422577422    0.2587553024648139    0.2587553024648770    0.2587553024648144
    0.7432567432567433    0.2577522659480666    0.2577522659481292    0.2577522659480672
    0.7442557442557443    0.2567491703828257    0.2567491703828878    0.2567491703828262
    0.7452547452547452    0.2557460163560495    0.2557460163561111    0.2557460163560500
    0.7462537462537463    0.2547428044488617    0.2547428044489228    0.2547428044488623
    0.7472527472527473    0.2537395352366097    0.2537395352366703    0.2537395352366102
    0.7482517482517482    0.2527362092889215    0.2527362092889816    0.2527362092889220
    0.7492507492507493    0.2517328271697630    0.2517328271698226    0.2517328271697635
    0.7502497502497503    0.2507293894374941    0.2507293894375533    0.2507293894374946
    0.7512487512487512    0.2497258966449245    0.2497258966449832    0.2497258966449250
    0.7522477522477522    0.2487223493393687    0.2487223493394269    0.2487223493393692
    0.7532467532467533    0.2477187480627007    0.2477187480627585    0.2477187480627013
    0.7542457542457542    0.2467150933514085    0.2467150933514658    0.2467150933514090
    0.7552447552447552    0.2457113857366468    0.2457113857367037    0.2457113857366473
    0.7562437562437563    0.2447076257442907    0.2447076257443471    0.2447076257442912
    0.7572427572427572    0.2437038138949879    0.2437038138950439    0.2437038138949884
    0.7582417582417582    0.2426999507042108    0.2426999507042664    0.2426999507042114
    0.7592407592407593    0.2416960366823079    0.2416960366823629    0.2416960366823084
    0.7602397602397603    0.2406920723345543    0.2406920723346090    0.2406920723345549
    0.7612387612387612    0.2396880581612031    0.2396880581612573    0.2396880581612036
    0.7622377622377622    0.2386839946575344    0.2386839946575881    0.2386839946575350
    0.7632367632367633    0.2376798823139052    0.2376798823139583    0.2376798823139057
    0.7642357642357642    0.2366757216157980    0.2366757216158507    0.2366757216157985
    0.7652347652347652    0.2356715130438697    0.2356715130439220    0.2356715130438703
    0.7662337662337663    0.2346672570739994    0.2346672570740511    0.2346672570739999
    0.7672327672327672    0.2336629541773355    0.2336629541773868    0.2336629541773360
    0.7682317682317682    0.2326586048203434    0.2326586048203943    0.2326586048203439
    0.7692307692307693    0.2316542094648515    0.2316542094649021    0.2316542094648520
    0.7702297702297702    0.2306497685680976    0.2306497685681478    0.2306497685680981
    0.7712287712287712    0.2296452825827744    0.2296452825828242    0.2296452825827749
    0.7722277722277723    0.2286407519570748    0.2286407519571241    0.2286407519570752
    0.7732267732267732    0.2276361771347363    0.2276361771347852    0.2276361771347367
    0.7742257742257742    0.2266315585550857    0.2266315585551342    0.2266315585550862
    0.7752247752247752    0.2256268966530828    0.2256268966531309    0.2256268966530832
    0.7762237762237763    0.2246221918593636    0.2246221918594113    0.2246221918593641
    0.7772227772227772    0.2236174446002837    0.2236174446003311    0.2236174446002842
    0.7782217782217782    0.2226126552979605    0.2226126552980074    0.2226126552979609
    0.7792207792207793    0.2216078243703154    0.2216078243703619    0.2216078243703158
    0.7802197802197802    0.2206029522311155    0.2206029522311616    0.2206029522311159
    0.7812187812187812    0.2195980392900150    0.2195980392900607    0.2195980392900154
    0.7822177822177823    0.2185930859525962    0.2185930859526415    0.2185930859525965
    0.7832167832167832    0.2175880926204095    0.2175880926204544    0.2175880926204098
    0.7842157842157842    0.2165830596910139    0.2165830596910584    0.2165830596910142
    0.7852147852147852    0.2155779875580166    0.2155779875580608    0.2155779875580169
    0.7862137862137862    0.2145728766111122    0.2145728766111561    0.2145728766111126
    0.7872127872127872    0.2135677272361217    0.2135677272361653    0.2135677272361221
    0.7882117882117882    0.2125625398150309    0.2125625398150741    0.2125625398150312
    0.7892107892107892    0.2115573147260284    0.2115573147260712    0.2115573147260287
    0.7902097902097902    0.2105520523435437    0.2105520523435861    0.2105520523435440
    0.7912087912087912    0.2095467530382841    0.2095467530383263    0.2095467530382845
    0.7922077922077922    0.2085414171772724    0.2085414171773143    0.2085414171772728
    0.7932067932067932    0.2075360451238828    0.2075360451239243    0.2075360451238831
    0.7942057942057942    0.2065306372378774    0.2065306372379187    0.2065306372378777
    0.7952047952047953    0.2055251938754424    0.2055251938754834    0.2055251938754427
    0.7962037962037962    0.2045197153892231    0.2045197153892639    0.2045197153892234
    0.7972027972027972    0.2035142021283599    0.2035142021284004    0.2035142021283602
    0.7982017982017982    0.2025086544385221    0.2025086544385624    0.2025086544385224
    0.7992007992007992    0.2015030726619433    0.2015030726619834    0.2015030726619436
    0.8001998001998002    0.2004974571374551    0.2004974571374949    0.2004974571374554
    0.8011988011988012    0.1994918082005210    0.1994918082005605    0.1994918082005213
    0.8021978021978022    0.1984861261832699    0.1984861261833092    0.1984861261832702
    0.8031968031968032    0.1974804114145293    0.1974804114145683    0.1974804114145296
    0.8041958041958042    0.1964746642198580    0.1964746642198968    0.1964746642198583
    0.8051948051948052    0.1954688849215788    0.1954688849216173    0.1954688849215791
    0.8061938061938062    0.1944630738388102    0.1944630738388485    0.1944630738388105
    0.8071928071928072    0.1934572312874989    0.1934572312875369    0.1934572312874993
    0.8081918081918081    0.1924513575804510    0.1924513575804888    0.1924513575804513
    0.8091908091908092    0.1914454530273629    0.1914454530274004    0.1914454530273632
    0.8101898101898102    0.1904395179348529    0.1904395179348902    0.1904395179348532
    0.8111888111888111    0.1894335526064912    0.1894335526065282    0.1894335526064915
    0.8121878121878122    0.1884275573428305    0.1884275573428672    0.1884275573428308
    0.8131868131868132    0.1874215324414359    0.1874215324414724    0.1874215324414362
    0.8141858141858141    0.1864154781969147    0.1864154781969509    0.1864154781969150
    0.8151848151848152    0.1854093949009457    0.1854093949009816    0.1854093949009460
    0.8161838161838162    0.1844032828423081    0.1844032828423438    0.1844032828423084
    0.8171828171828172    0.1833971423069110    0.1833971423069463    0.1833971423069112
    0.8181818181818182    0.1823909735778210    0.1823909735778561    0.1823909735778213
    0.8191808191808192    0.1813847769352913    0.1813847769353263    0.1813847769352916
    0.8201798201798202    0.1803785526567892    0.1803785526568240    0.1803785526567895
    0.8211788211788211    0.1793723010170239    0.1793723010170584    0.1793723010170242
    0.8221778221778222    0.1783660222879739    0.1783660222880082    0.1783660222879741
    0.8231768231768232    0.1773597167389140    0.1773597167389481    0.1773597167389143
    0.8241758241758241    0.1763533846364426    0.1763533846364766    0.1763533846364429
    0.8251748251748252    0.1753470262445080    0.1753470262445417    0.1753470262445082
    0.8261738261738262    0.1743406418244345    0.1743406418244682    0.1743406418244348
    0.8271728271728271    0.1733342316349493    0.1733342316349827    0.1733342316349495
    0.8281718281718282    0.1723277959322072    0.1723277959322405    0.1723277959322075
    0.8291708291708292    0.1713213349698171    0.1713213349698502    0.1713213349698174
    0.8301698301698301    0.1703148489988668    0.1703148489988998    0.1703148489988671
    0.8311688311688312    0.1693083382679484    0.1693083382679811    0.1693083382679486
    0.8321678321678322    0.1683018030231827    0.1683018030232153    0.1683018030231829
    0.8331668331668332    0.1672952435082441    0.1672952435082765    0.1672952435082443
    0.8341658341658341    0.1662886599643848    0.1662886599644170    0.1662886599643850
    0.8351648351648352    0.1652820526304590    0.1652820526304910    0.1652820526304592
    0.8361638361638362    0.1642754217429464    0.1642754217429783    0.1642754217429467
    0.8371628371628371    0.1632687675359762    0.1632687675360079    0.1632687675359764
    0.8381618381618382    0.1622620902413503    0.1622620902413818    0.1622620902413505
    0.8391608391608392    0.1612553900885662    0.1612553900885975    0.1612553900885665
    0.8401598401598401    0.1602486673048404    0.1602486673048715    0.1602486673048407
    0.8411588411588412    0.1592419221151307    0.1592419221151616    0.1592419221151310
    0.8421578421578422    0.1582351547421588    0.1582351547421894    0.1582351547421590
    0.8431568431568431    0.1572283654064323    0.1572283654064627    0.1572283654064325
    0.8441558441558441    0.1562215543262671    0.1562215543262973    0.1562215543262673
    0.8451548451548452    0.1552147217178089    0.1552147217178389    0.1552147217178091
    0.8461538461538461    0.1542078677950548    0.1542078677950847    0.1542078677950551
    0.8471528471528471    0.1532009927698750    0.1532009927699046    0.1532009927698753
    0.8481518481518482    0.1521940968520332    0.1521940968520627    0.1521940968520335
    0.8491508491508492    0.1511871802492084    0.1511871802492376    0.1511871802492086
    0.8501498501498501    0.1501802431670149    0.1501802431670439    0.1501802431670151
    0.8511488511488512    0.1491732858090233    0.1491732858090521    0.1491732858090235
    0.8521478521478522    0.1481663083767806    0.1481663083768092    0.1481663083767808
    0.8531468531468531    0.1471593110698304    0.1471593110698588    0.1471593110698307
    0.8541458541458542    0.1461522940857328    0.1461522940857610    0.1461522940857330
    0.8551448551448552    0.1451452576200841    0.1451452576201120    0.1451452576200843
    0.8561438561438561    0.1441382018665362    0.1441382018665639    0.1441382018665364
    0.8571428571428571    0.1431311270168161    0.1431311270168436    0.1431311270168164
    0.8581418581418582    0.1421240332607452    0.1421240332607725    0.1421240332607454
    0.8591408591408591    0.1411169207862577    0.1411169207862847    0.1411169207862580
    0.8601398601398601    0.1401097897794198    0.1401097897794466    0.1401097897794201
    0.8611388611388612    0.1391026404244483    0.1391026404244748    0.1391026404244486
    0.8621378621378621    0.1380954729037286    0.1380954729037549    0.1380954729037288
    0.8631368631368631    0.1370882873978331    0.1370882873978592    0.1370882873978334
    0.8641358641358642    0.1360810840855397    0.1360810840855656    0.1360810840855400
    0.8651348651348651    0.1350738631438487    0.1350738631438744    0.1350738631438490
    0.8661338661338661    0.1340666247480013    0.1340666247480268    0.1340666247480015
    0.8671328671328671    0.1330593690714965    0.1330593690715218    0.1330593690714968
    0.8681318681318682    0.1320520962861089    0.1320520962861340    0.1320520962861091
    0.8691308691308691    0.1310448065619055    0.1310448065619303    0.1310448065619057
    0.8701298701298701    0.1300375000672627    0.1300375000672874    0.1300375000672629
    0.8711288711288712    0.1290301769688834    0.1290301769689079    0.1290301769688836
    0.8721278721278721    0.1280228374318133    0.1280228374318375    0.1280228374318135
    0.8731268731268731    0.1270154816194575    0.1270154816194815    0.1270154816194577
    0.8741258741258742    0.1260081096935967    0.1260081096936205    0.1260081096935970
    0.8751248751248751    0.1250007218144039    0.1250007218144274    0.1250007218144041
    0.8761238761238761    0.1239933181404593    0.1239933181404826    0.1239933181404595
    0.8771228771228772    0.1229858988287672    0.1229858988287902    0.1229858988287674
    0.8781218781218781    0.1219784640347711    0.1219784640347939    0.1219784640347714
    0.8791208791208791    0.1209710139123695    0.1209710139123920    0.1209710139123697
    0.8801198801198801    0.1199635486139307    0.1199635486139531    0.1199635486139310
    0.8811188811188811    0.1189560682903090    0.1189560682903311    0.1189560682903092
    0.8821178821178821    0.1179485730908586    0.1179485730908805    0.1179485730908588
    0.8831168831168831    0.1169410631634495    0.1169410631634711    0.1169410631634497
    0.8841158841158842    0.1159335386544816    0.1159335386545030    0.1159335386544818
    0.8851148851148851    0.1149259997088996    0.1149259997089208    0.1149259997088998
    0.8861138861138861    0.1139184464702074    0.1139184464702285    0.1139184464702077
    0.8871128871128872    0.1129108790804826    0.1129108790805035    0.1129108790804829
    0.8881118881118881    0.1119032976803903    0.1119032976804109    0.1119032976803905
    0.8891108891108891    0.1108957024091974    0.1108957024092178    0.1108957024091976
    0.8901098901098901    0.1098880934047864    0.1098880934048066    0.1098880934047866
    0.8911088911088911    0.1088804708036693    0.1088804708036893    0.1088804708036695
    0.8921078921078921    0.1078728347410011    0.1078728347410209    0.1078728347410013
    0.8931068931068931    0.1068651853505934    0.1068651853506130    0.1068651853505936
    0.8941058941058941    0.1058575227649276    0.1058575227649470    0.1058575227649278
    0.8951048951048951    0.1048498471151681    0.1048498471151873    0.1048498471151683
    0.8961038961038961    0.1038421585311757    0.1038421585311946    0.1038421585311759
    0.8971028971028971    0.1028344571415202    0.1028344571415389    0.1028344571415204
    0.8981018981018981    0.1018267430734933    0.1018267430735119    0.1018267430734935
    0.8991008991008991    0.1008190164531217    0.1008190164531401    0.1008190164531219
    0.9000999000999002   0.09981127740517912   0.09981127740519724   0.09981127740517934
    0.9010989010989011   0.09880352605319896   0.09880352605321689   0.09880352605319917
    0.9020979020979021   0.09779576251948677   0.09779576251950452   0.09779576251948699
    0.9030969030969030   0.09678798692513235   0.09678798692514994   0.09678798692513257
    0.9040959040959041   0.09578019939002182   0.09578019939003919   0.09578019939002202
    0.9050949050949051   0.09477240003284954   0.09477240003286673   0.09477240003284974
    0.9060939060939061   0.09376458897113010   0.09376458897114712   0.09376458897113030
    0.9070929070929071   0.09275676632120992   0.09275676632122676   0.09275676632121013
    0.9080919080919081   0.09174893219827891   0.09174893219829554   0.09174893219827912
    0.9090909090909091   0.09074108671638197   0.09074108671639840   0.09074108671638216
    0.9100899100899101   0.08973322998843032   0.08973322998844657   0.08973322998843053
    0.9110889110889111   0.08872536212621286   0.08872536212622892   0.08872536212621307
    0.9120879120879121   0.08771748324040726   0.08771748324042311   0.08771748324040747
    0.9130869130869130   0.08670959344059102   0.08670959344060666   0.08670959344059122
    0.9140859140859141   0.08570169283525245   0.08570169283526785   0.08570169283525263
    0.9150849150849151   0.08469378153180135   0.08469378153181656   0.08469378153180153
    0.9160839160839160   0.08368585963657994   0.08368585963659494   0.08368585963658011
    0.9170829170829171   0.08267792725487333   0.08267792725488816   0.08267792725487350
    0.9180819180819181   0.08166998449092010   0.08166998449093472   0.08166998449092025
    0.9190809190809190   0.08066203144792261   0.08066203144793704   0.08066203144792278
    0.9200799200799201   0.07965406822805743   0.07965406822807167   0.07965406822805758
    0.9210789210789211   0.07864609493248538   0.07864609493249944   0.07864609493248553
    0.9220779220779221   0.07763811166136179   0.07763811166137566   0.07763811166136195
    0.9230769230769231   0.07663011851384639   0.07663011851386008   0.07663011851384655
    0.9240759240759241   0.07562211558811326   0.07562211558812672   0.07562211558811341
    0.9250749250749251   0.07461410298136054   0.07461410298137382   0.07461410298136067
    0.9260739260739260   0.07360608078982023   0.07360608078983333   0.07360608078982038
    0.9270729270729271   0.07259804910876780   0.07259804910878070   0.07259804910876794
    0.9280719280719281   0.07159000803253159   0.07159000803254431   0.07159000803253172
    0.9290709290709290   0.07058195765450233   0.07058195765451486   0.07058195765450247
    0.9300699300699301   0.06957389806714238   0.06957389806715475   0.06957389806714252
    0.9310689310689311   0.06856582936199505   0.06856582936200724   0.06856582936199518
    0.9320679320679320   0.06755775162969367   0.06755775162970566   0.06755775162969380
    0.9330669330669331   0.06654966495997060   0.06654966495998241   0.06654966495997072
    0.9340659340659341   0.06554156944166632   0.06554156944167791   0.06554156944166643
    0.9350649350649350   0.06453346516273814   0.06453346516274953   0.06453346516273825
    0.9360639360639360   0.06352535221026907   0.06352535221028027   0.06352535221026918
    0.9370629370629371   0.06251723067047651   0.06251723067048751   0.06251723067047663
    0.9380619380619380   0.06150910062872082   0.06150910062873163   0.06150910062872093
    0.9390609390609390   0.06050096216951385   0.06050096216952446   0.06050096216951395
    0.9400599400599401   0.05949281537652738   0.05949281537653779   0.05949281537652748
    0.9410589410589411   0.05848466033260149   0.05848466033261172   0.05848466033260159
    0.9420579420579420   0.05747649711975278   0.05747649711976282   0.05747649711975287
    0.9430569430569431   0.05646832581918259   0.05646832581919245   0.05646832581918269
    0.9440559440559441   0.05546014651128511   0.05546014651129479   0.05546014651128520
    0.9450549450549450   0.05445195927565538   0.05445195927566487   0.05445195927565547
    0.9460539460539461   0.05344376419109724   0.05344376419110655   0.05344376419109734
    0.9470529470529471   0.05243556133563120   0.05243556133564034   0.05243556133563130
    0.9480519480519480   0.05142735078650224   0.05142735078651119   0.05142735078650234
    0.9490509490509490   0.05041913262018748   0.05041913262019625   0.05041913262018757
    0.9500499500499501   0.04941090691240384   0.04941090691241243   0.04941090691240393
    0.9510489510489510   0.04840267373811560   0.04840267373812403   0.04840267373811569
    0.9520479520479520   0.04739443317154188   0.04739443317155014   0.04739443317154197
    0.9530469530469531   0.04638618528616405   0.04638618528617212   0.04638618528616412
    0.9540459540459540   0.04537793015473300   0.04537793015474093   0.04537793015473308
    0.9550449550449550   0.04436966784927653   0.04436966784928428   0.04436966784927661
    0.9560439560439561   0.04336139844110642   0.04336139844111400   0.04336139844110649
    0.9570429570429571   0.04235312200082559   0.04235312200083301   0.04235312200082567
    0.9580419580419580   0.04134483859833519   0.04134483859834243   0.04134483859833527
    0.9590409590409590   0.04033654830284147   0.04033654830284854   0.04033654830284155
    0.9600399600399601   0.03932825118286280   0.03932825118286970   0.03932825118286288
    0.9610389610389610   0.03831994730623645   0.03831994730624316   0.03831994730623652
    0.9620379620379620   0.03731163674012533   0.03731163674013187   0.03731163674012540
    0.9630369630369631   0.03630331955102478   0.03630331955103114   0.03630331955102485
    0.9640359640359640   0.03529499580476915   0.03529499580477533   0.03529499580476921
    0.9650349650349650   0.03428666556653834   0.03428666556654435   0.03428666556653841
    0.9660339660339661   0.03327832890086440   0.03327832890087022   0.03327832890086446
    0.9670329670329670   0.03226998587163786   0.03226998587164351   0.03226998587163792
    0.9680319680319680   0.03126163654211420   0.03126163654211968   0.03126163654211426
    0.9690309690309691   0.03025328097492012   0.03025328097492543   0.03025328097492017
    0.9700299700299700   0.02924491923205978   0.02924491923206490   0.02924491923205982
    0.9710289710289710   0.02823655137492099   0.02823655137492594   0.02823655137492103
    0.9720279720279720   0.02722817746428137   0.02722817746428615   0.02722817746428141
    0.9730269730269731   0.02621979756031439   0.02621979756031900   0.02621979756031443
    0.9740259740259740   0.02521141172259538   0.02521141172259981   0.02521141172259541
    0.9750249750249750   0.02420302001010746   0.02420302001011172   0.02420302001010750
    0.9760239760239761   0.02319462248124746   0.02319462248125153   0.02319462248124749
    0.9770229770229770   0.02218621919383172   0.02218621919383561   0.02218621919383175
    0.9780219780219780   0.02117781020510187   0.02117781020510558   0.02117781020510190
    0.9790209790209791   0.02016939557173054   0.02016939557173407   0.02016939557173057
    0.9800199800199800   0.01916097534982702   0.01916097534983037   0.01916097534982705
    0.9810189810189810   0.01815254959494287   0.01815254959494604   0.01815254959494290
    0.9820179820179821   0.01714411836207743   0.01714411836208042   0.01714411836207746
    0.9830169830169830   0.01613568170568335   0.01613568170568617   0.01613568170568338
    0.9840159840159840   0.01512723967967201   0.01512723967967465   0.01512723967967203
    0.9850149850149850   0.01411879233741887   0.01411879233742133   0.01411879233741889
    0.9860139860139860   0.01311033973176884   0.01311033973177112   0.01311033973176886
    0.9870129870129870   0.01210188191504154   0.01210188191504365   0.01210188191504157
    0.9880119880119880   0.01109341893903652   0.01109341893903845   0.01109341893903654
    0.9890109890109891   0.01008495085503841   0.01008495085504016   0.01008495085503843
    0.9900099900099900  0.009076477713822076  0.009076477713823652  0.009076477713822093
    0.9910089910089910  0.008067999565657661  0.008067999565659061  0.008067999565657675
    0.9920079920079921  0.007059516460315606  0.007059516460316831  0.007059516460315618
    0.9930069930069930  0.006051028447071626  0.006051028447072676  0.006051028447071636
    0.9940059940059940  0.005042535574711616  0.005042535574712490  0.005042535574711625
    0.9950049950049950  0.004034037891536531  0.004034037891537230  0.004034037891536537
    0.9960039960039960  0.003025535445367196  0.003025535445367720  0.003025535445367201
    0.9970029970029970  0.002017028283549089  0.002017028283549438  0.002017028283549092
    0.9980019980019980  0.001008516452957057  0.001008516452957232  0.001008516452957058
