  0.009900990099009901    0.1763374682385452    0.1763374682385460    0.1763374682385452
   0.01980198019801980    0.2507258500362968    0.2507258500362980    0.2507258500362967
   0.02970297029702970    0.3170723378202156    0.3170723378202172    0.3170723378202154
   0.03960396039603960    0.3761350108597418    0.3761350108597438    0.3761350108597415
   0.04950495049504951    0.4286004871270432    0.4286004871270456    0.4286004871270430
   0.05940594059405940    0.4750906596862213    0.4750906596862240    0.4750906596862211
   0.06930693069306931    0.5161687980683027    0.5161687980683058    0.5161687980683025
   0.07920792079207921    0.5523450744924316    0.5523450744924352    0.5523450744924314
   0.08910891089108910    0.5840815691508598    0.5840815691508640    0.5840815691508596
   0.09900990099009901    0.6117968036644428    0.6117968036644473    0.6117968036644427
    0.1089108910891089    0.6358698471862418    0.6358698471862468    0.6358698471862417
    0.1188118811881188    0.6566440354380987    0.6566440354381040    0.6566440354380986
    0.1287128712871287    0.6744303391675418    0.6744303391675474    0.6744303391675416
    0.1386138613861386    0.6895104150728597    0.6895104150728658    0.6895104150728596
    0.1485148514851485    0.7021393691288792    0.7021393691288857    0.7021393691288791
    0.1584158415841584    0.7125482594243577    0.7125482594243646    0.7125482594243575
    0.1683168316831683    0.7209463630662560    0.7209463630662633    0.7209463630662558
    0.1782178217821782    0.7275232293914249    0.7275232293914325    0.7275232293914247
    0.1881188118811881    0.7324505396297052    0.7324505396297131    0.7324505396297050
    0.1980198019801980    0.7358837912635430    0.7358837912635510    0.7358837912635426
    0.2079207920792079    0.7379638236093241    0.7379638236093323    0.7379638236093238
    0.2178217821782178    0.7388181995878629    0.7388181995878712    0.7388181995878625
    0.2277227722772277    0.7385624572405541    0.7385624572405625    0.7385624572405539
    0.2376237623762376    0.7373012432697795    0.7373012432697880    0.7373012432697792
    0.2475247524752475    0.7351293397246991    0.7351293397247077    0.7351293397246990
    0.2574257425742574    0.7321325939052140    0.7321325939052227    0.7321325939052138
    0.2673267326732673    0.7283887606073594    0.7283887606073681    0.7283887606073591
    0.2772277227722773    0.7239682649733764    0.7239682649733853    0.7239682649733762
    0.2871287128712871    0.7189348934307591    0.7189348934307681    0.7189348934307589
    0.2970297029702970    0.7133464194990636    0.7133464194990727    0.7133464194990633
    0.3069306930693069    0.7072551706042486    0.7072551706042578    0.7072551706042484
    0.3168316831683168    0.7007085414615489    0.7007085414615580    0.7007085414615488
    0.3267326732673267    0.6937494590636656    0.6937494590636746    0.6937494590636655
    0.3366336633663367    0.6864168038362582    0.6864168038362670    0.6864168038362580
    0.3465346534653466    0.6787457910926847    0.6787457910926933    0.6787457910926846
    0.3564356435643564    0.6707683165304293    0.6707683165304377    0.6707683165304291
    0.3663366336633663    0.6625132691588742    0.6625132691588825    0.6625132691588740
    0.3762376237623762    0.6540068147285416    0.6540068147285499    0.6540068147285415
    0.3861386138613861    0.6452726524425201    0.6452726524425281    0.6452726524425199
    0.3960396039603961    0.6363322474686653    0.6363322474686732    0.6363322474686652
    0.4059405940594060    0.6272050415337463    0.6272050415337540    0.6272050415337461
    0.4158415841584158    0.6179086436656673    0.6179086436656747    0.6179086436656671
    0.4257425742574257    0.6084590029551358    0.6084590029551430    0.6084590029551357
    0.4356435643564356    0.5988705650317326    0.5988705650317394    0.5988705650317324
    0.4455445544554456    0.5891564137895693    0.5891564137895760    0.5891564137895692
    0.4554455445544555    0.5793283997529978    0.5793283997530042    0.5793283997529977
    0.4653465346534654    0.5693972563417635    0.5693972563417697    0.5693972563417634
    0.4752475247524752    0.5593727051762796    0.5593727051762856    0.5593727051762794
    0.4851485148514851    0.5492635514561641    0.5492635514561700    0.5492635514561640
    0.4950495049504950    0.5390777703478020    0.5390777703478077    0.5390777703478018
    0.5049504950495050    0.5288225852284724    0.5288225852284777    0.5288225852284721
    0.5148514851485149    0.5185045385546959    0.5185045385547009    0.5185045385546957
    0.5247524752475248    0.5081295560500880    0.5081295560500928    0.5081295560500878
    0.5346534653465347    0.4977030048424631    0.4977030048424679    0.4977030048424629
    0.5445544554455446    0.4872297461205712    0.4872297461205758    0.4872297461205711
    0.5544554455445545    0.4767141828270815    0.4767141828270858    0.4767141828270813
    0.5643564356435644    0.4661603028557256    0.4661603028557299    0.4661603028557255
    0.5742574257425742    0.4555717181764097    0.4555717181764139    0.4555717181764096
    0.5841584158415841    0.4449517002721465    0.4449517002721505    0.4449517002721463
    0.5940594059405940    0.4343032122354812    0.4343032122354851    0.4343032122354811
    0.6039603960396039    0.4236289378393083    0.4236289378393121    0.4236289378393081
    0.6138613861386139    0.4129313078672892    0.4129313078672930    0.4129313078672890
    0.6237623762376238    0.4022125239622016    0.4022125239622055    0.4022125239622014
    0.6336633663366337    0.3914745802261937    0.3914745802261976    0.3914745802261935
    0.6435643564356436    0.3807192827848623    0.3807192827848661    0.3807192827848622
    0.6534653465346535    0.3699482675071000    0.3699482675071036    0.3699482675070998
    0.6633663366336634    0.3591630160545572    0.3591630160545609    0.3591630160545570
    0.6732673267326733    0.3483648704181828    0.3483648704181864    0.3483648704181826
    0.6831683168316832    0.3375550460844583    0.3375550460844618    0.3375550460844581
    0.6930693069306931    0.3267346439605007    0.3267346439605042    0.3267346439605006
    0.7029702970297029    0.3159046611750310    0.3159046611750344    0.3159046611750309
    0.7128712871287128    0.3050660008611754    0.3050660008611786    0.3050660008611752
    0.7227722772277227    0.2942194810170779    0.2942194810170811    0.2942194810170777
    0.7326732673267327    0.2833658425312574    0.2833658425312605    0.2833658425312572
    0.7425742574257426    0.2725057564514430    0.2725057564514460    0.2725057564514429
    0.7524752475247525    0.2616398305682045    0.2616398305682074    0.2616398305682044
    0.7623762376237624    0.2507686153779681    0.2507686153779709    0.2507686153779679
    0.7722772277227723    0.2398926094839206    0.2398926094839233    0.2398926094839204
    0.7821782178217822    0.2290122644877916    0.2290122644877943    0.2290122644877915
    0.7920792079207921    0.2181279894205048    0.2181279894205073    0.2181279894205047
    0.8019801980198020    0.2072401547551684    0.2072401547551709    0.2072401547551683
    0.8118811881188119    0.1963490960417765    0.1963490960417789    0.1963490960417765
    0.8217821782178218    0.1854551171992804    0.1854551171992827    0.1854551171992804
    0.8316831683168316    0.1745584934973286    0.1745584934973307    0.1745584934973285
    0.8415841584158416    0.1636594742569292    0.1636594742569312    0.1636594742569292
    0.8514851485148515    0.1527582852965317    0.1527582852965335    0.1527582852965317
    0.8613861386138614    0.1418551311475248    0.1418551311475265    0.1418551311475248
    0.8712871287128713    0.1309501970608883    0.1309501970608900    0.1309501970608883
    0.8811881188118812    0.1200436508246851    0.1200436508246866    0.1200436508246851
    0.8910891089108911    0.1091356444102248    0.1091356444102262    0.1091356444102248
    0.9009900990099010   0.09822631546305025   0.09822631546305149   0.09822631546305025
    0.9108910891089109   0.08731578865337362   0.08731578865337475   0.08731578865337362
    0.9207920792079208   0.07640417689921267   0.07640417689921364   0.07640417689921267
    0.9306930693069307   0.06549158247422587   0.06549158247422672   0.06549158247422587
    0.9405940594059407   0.05457809801111647   0.05457809801111718   0.05457809801111647
    0.9504950495049505   0.04366380741044928   0.04366380741044986   0.04366380741044928
    0.9603960396039604   0.03274878666379665   0.03274878666379709   0.03274878666379667
    0.9702970297029703   0.02183310459928966   0.02183310459928994   0.02183310459928967
    0.9801980198019802   0.01091682355688888   0.01091682355688902   0.01091682355688888
