-4.664605983799999800e-01 -1.306325241800000034e-06
-4.664605983599999783e-01 4.281716754300000031e-06
-4.664605983799999800e-01 1.669065813000000008e-06
-4.664605983799999800e-01 -9.435851177499999922e-07
-4.664605983699999792e-01 -3.556236052899999881e-06
-4.664605983799999800e-01 2.031805405199999925e-06
-4.664605983799999800e-01 -5.808458046400000317e-07
-4.664605983699999792e-01 -3.193496890699999830e-06
-4.664605983699999792e-01 2.394544433299999840e-06
-4.664605983799999800e-01 -2.181071004600000100e-07
-4.664605983699999792e-01 -2.830758672600000101e-06
-4.664605983499999775e-01 -5.443410338200000009e-06
-4.664605983799999800e-01 1.446307170099999906e-07
-4.664605983799999800e-01 -2.468020778099999979e-06
-4.664605983499999775e-01 -5.080672156100000410e-06
-4.664605983799999800e-01 5.073693598099999526e-07
-4.664605983799999800e-01 -2.105281666499999920e-06
-4.664605983599999783e-01 -4.717932900100000378e-06
-4.664605983199999750e-01 -7.330583938300000149e-06
-4.664605983799999800e-01 -1.742542321299999946e-06
-4.664605983599999783e-01 -4.355193479400000289e-06
-4.664605983299999759e-01 -6.967844494800000019e-06
-4.664605983799999800e-01 -1.379802510200000050e-06
-4.664605983699999792e-01 -3.992453207100000372e-06
-4.664605983399999767e-01 -6.605103876599999768e-06
-4.664605983799999800e-01 -1.017061819300000075e-06
-4.664605983699999792e-01 -3.629712480300000129e-06
-4.664605983399999767e-01 -6.242363329099999869e-06
-4.664605982999999734e-01 -8.855014142599999788e-06
-4.664605983699999792e-01 -3.266972473199999946e-06
-4.664605983499999775e-01 -5.879623655200000090e-06
-4.664605983099999742e-01 -8.492274653300000700e-06
-4.664605982500000247e-01 -1.110492541000000067e-05
-4.664605983499999775e-01 -5.516883352199999966e-06
-4.664605983099999742e-01 -8.129533834299999974e-06
-4.664605982600000256e-01 -1.074218446399999980e-05
-4.664605981900000198e-01 -1.335483514800000047e-05
-4.664605983199999750e-01 -7.766793217299999770e-06
-4.664605982700000264e-01 -1.037944396299999959e-05
-4.664605982000000206e-01 -1.299209461199999918e-05
-4.664605983199999750e-01 -7.404052905599999731e-06
-4.664605982800000272e-01 -1.001670383400000031e-05
-4.664605982100000214e-01 -1.262935464900000071e-05
-4.664605983299999759e-01 -7.041312947999999780e-06
-4.664605982800000272e-01 -9.653964002399999334e-06
-4.664605982200000223e-01 -1.226661506299999969e-05
-4.664605983299999759e-01 -6.678573476099999674e-06
-4.664605982899999725e-01 -9.291224693100000475e-06
-4.664605982300000231e-01 -1.190387623399999962e-05
-4.664605981500000165e-01 -1.451652800500000053e-05
-4.664605982999999734e-01 -8.928487270400000222e-06
-4.664605982400000239e-01 -1.154113926199999983e-05
-4.664605981700000181e-01 -1.415379111200000070e-05
-4.664605980800000107e-01 -1.676644279900000003e-05
-4.664605982500000247e-01 -1.117840179600000057e-05
-4.664605981800000190e-01 -1.379105349799999964e-05
-4.664605980900000115e-01 -1.640370522000000005e-05
-4.664605982600000256e-01 -1.081566424900000071e-05
-4.664605981900000198e-01 -1.342831569000000063e-05
-4.664605981100000132e-01 -1.604096736700000013e-05
-4.664605982600000256e-01 -1.045292633700000047e-05
-4.664605982000000206e-01 -1.306557774899999954e-05
-4.664605981200000140e-01 -1.567822942599999904e-05
-4.664605982700000264e-01 -1.009018855499999964e-05
-4.664605982100000214e-01 -1.270284039500000069e-05
-4.664605981300000148e-01 -1.531549215700000040e-05
-4.664605980400000074e-01 -1.792814389000000095e-05
-4.664605982200000223e-01 -1.234010299900000021e-05
-4.664605981400000156e-01 -1.495275485100000003e-05
-4.664605980500000082e-01 -1.756540684900000101e-05
-4.664605979399999991e-01 -2.017805893099999849e-05
-4.664605981500000165e-01 -1.459001846699999940e-05
-4.664605980700000099e-01 -1.720267066400000164e-05
-4.664605979600000008e-01 -1.981532268000000163e-05
-4.664605978399999908e-01 -2.242797448500000160e-05
-4.664605980800000107e-01 -1.683993353500000054e-05
-4.664605979800000024e-01 -1.945258534699999937e-05
-4.664605978599999925e-01 -2.206523715099999901e-05
-4.664605980900000115e-01 -1.647719614600000061e-05
-4.664605979900000032e-01 -1.908984777300000099e-05
-4.664605978799999941e-01 -2.170249930100000006e-05
-4.664605981000000123e-01 -1.611445827999999990e-05
-4.664605980100000049e-01 -1.872710995699999940e-05
-4.664605978899999950e-01 -2.133976188899999952e-05
-4.664605981100000132e-01 -1.575172117900000101e-05
-4.664605980200000057e-01 -1.836437325900000124e-05
-4.664605979099999966e-01 -2.097702561200000108e-05
-4.664605977799999859e-01 -2.358967789200000118e-05
-4.664605980300000065e-01 -1.800163759600000016e-05
-4.664605979299999983e-01 -2.061428982799999840e-05
-4.664605977999999875e-01 -2.322694236900000103e-05
-4.664605980500000082e-01 -1.763890242500000129e-05
-4.664605979399999991e-01 -2.025155520499999939e-05
-4.664605978199999892e-01 -2.286420821600000056e-05
-4.664605980600000090e-01 -1.727616856700000072e-05
-4.664605979600000008e-01 -1.988882140800000148e-05
-4.664605978399999908e-01 -2.250147405300000026e-05
-4.664605977099999801e-01 -2.511412654999999893e-05
-4.664605979700000016e-01 -1.952608645200000053e-05
-4.664605978599999925e-01 -2.213873904199999858e-05
-4.664605977299999817e-01 -2.475139154900000046e-05
-4.664605975800000248e-01 -2.736404411500000097e-05
-4.664605978699999933e-01 -2.177600401300000129e-05
-4.664605977499999834e-01 -2.438865659500000016e-05
-4.664605976000000265e-01 -2.700130903300000020e-05
-4.664605978899999950e-01 -2.141326884299999935e-05
-4.664605977599999842e-01 -2.402592125699999845e-05
-4.664605976199999726e-01 -2.663857368000000045e-05
-4.664605974600000149e-01 -2.925122586899999843e-05
-4.664605977799999859e-01 -2.366318555400000146e-05
-4.664605976399999743e-01 -2.627583791099999920e-05
-4.664605974900000174e-01 -2.888849044599999991e-05
-4.664605977999999875e-01 -2.330045031699999833e-05
-4.664605976599999759e-01 -2.591310264800000127e-05
-4.664605975100000190e-01 -2.852575499499999918e-05
-4.664605973400000050e-01 -3.113840728700000314e-05
-4.664605976799999776e-01 -2.555036671999999975e-05
-4.664605975300000207e-01 -2.816301877900000001e-05
-4.664605978299999900e-01 -2.257497816200000089e-05
-4.664605976999999792e-01 -2.518763042699999956e-05
-4.664605975500000223e-01 -2.780028264199999911e-05
-4.664605973900000091e-01 -3.041293479599999940e-05
-4.664605977199999809e-01 -2.482489421699999893e-05
-4.664605975800000248e-01 -2.743754629200000094e-05
-4.664605974100000108e-01 -3.005019861699999856e-05
-4.664605972399999967e-01 -3.266285076199999934e-05
-4.664605976000000265e-01 -2.707481033999999850e-05
-4.664605974400000132e-01 -2.968746269900000026e-05
-4.664605972599999983e-01 -3.230011506099999960e-05
-4.664605970699999826e-01 -3.491276743100000152e-05
-4.664605974600000149e-01 -2.932472721100000119e-05
-4.664605972900000008e-01 -3.193737976400000091e-05
-4.664605970999999851e-01 -3.455003216800000019e-05
-4.664605974800000165e-01 -2.896199187900000142e-05
-4.664605973100000025e-01 -3.157464417999999811e-05
-4.664605971299999876e-01 -3.418729637499999801e-05
-4.664605975000000182e-01 -2.859925581900000155e-05
-4.664605973400000050e-01 -3.121190789099999920e-05
-4.664605971599999901e-01 -3.382456020999999828e-05
-4.664605969599999735e-01 -3.643721252600000318e-05
-4.664605973600000066e-01 -3.084917225600000034e-05
-4.664605971799999917e-01 -3.346182449300000018e-05
-4.664605969899999760e-01 -3.607447693199999716e-05
-4.664605973800000083e-01 -3.048643701599999963e-05
-4.664605972099999942e-01 -3.309908984299999928e-05
-4.664605970099999777e-01 -3.571174286199999963e-05
-4.664605974100000108e-01 -3.012370312799999959e-05
-4.664605972299999959e-01 -3.273635587900000193e-05
-4.664605970399999801e-01 -3.534900864999999715e-05
-4.664605968400000191e-01 -3.796166120999999911e-05
-4.664605972599999983e-01 -3.237362120099999881e-05
-4.664605970699999826e-01 -3.498627406300000293e-05
-4.664605968700000216e-01 -3.759892708200000328e-05
-4.664605972800000000e-01 -3.201088769099999824e-05
-4.664605970999999851e-01 -3.462354091000000185e-05
-4.664605969000000241e-01 -3.723619404699999945e-05
-4.664605966800000059e-01 -3.984884711200000103e-05
-4.664605971199999868e-01 -3.426080747499999827e-05
-4.664605969300000265e-01 -3.687346068499999899e-05
-4.664605967100000083e-01 -3.948611382799999852e-05
-4.664605971499999892e-01 -3.389807410999999684e-05
-4.664605969499999727e-01 -3.651072688700000076e-05
-4.664605967400000108e-01 -3.912337978400000257e-05
-4.664605965099999918e-01 -4.173603253000000331e-05
-4.664605969799999752e-01 -3.614799275899999815e-05
-4.664605967700000133e-01 -3.876064555300000076e-05
-4.664605965499999951e-01 -4.137329824799999866e-05
-4.664605970099999777e-01 -3.578525808500000309e-05
-4.664605968000000158e-01 -3.839791056299999905e-05
-4.664605965799999976e-01 -4.101056313899999938e-05
-4.664605963399999777e-01 -4.362321572999999775e-05
-4.664605968300000183e-01 -3.803517563999999853e-05
-4.664605966100000001e-01 -4.064782817099999796e-05
-4.664605970599999818e-01 -3.505978801199999690e-05
-4.664605968600000208e-01 -3.767244054399999665e-05
-4.664605966400000026e-01 -4.028509300099999941e-05
-4.664605964099999835e-01 -4.289774551900000143e-05
-4.664605968900000232e-01 -3.730970560999999938e-05
-4.664605966700000050e-01 -3.992235852099999891e-05
-4.664605964399999860e-01 -4.253501118099999913e-05
-4.664605962000000217e-01 -4.514766393999999726e-05
-4.664605967000000075e-01 -3.955962396400000079e-05
-4.664605964799999893e-01 -4.217227660500000167e-05
-4.664605962300000241e-01 -4.478492922999999741e-05
-4.664605959700000026e-01 -4.739758188100000151e-05
-4.664605965099999918e-01 -4.180954192599999823e-05
-4.664605962700000275e-01 -4.442219458599999844e-05
-4.664605960100000059e-01 -4.703484719999999743e-05
-4.664605965399999943e-01 -4.144680711099999853e-05
-4.664605962999999744e-01 -4.405945963400000216e-05
-4.664605960500000092e-01 -4.667211187799999748e-05
-4.664605965699999968e-01 -4.108407144500000327e-05
-4.664605963399999777e-01 -4.369672376300000202e-05
-4.664605960800000117e-01 -4.630937624399999894e-05
-4.664605965999999992e-01 -4.072133614899999812e-05
-4.664605963699999802e-01 -4.333398890400000174e-05
-4.664605961200000150e-01 -4.594664180999999967e-05
-4.664605958499999927e-01 -4.855929446999999988e-05
-4.664605963999999827e-01 -4.297125451400000306e-05
-4.664605961600000184e-01 -4.558390730999999953e-05
-4.664605958899999960e-01 -4.819655998399999746e-05
-4.664605956099999728e-01 -5.080921257700000325e-05
-4.664605961900000208e-01 -4.522117240599999834e-05
-4.664605959299999993e-01 -4.783382460800000049e-05
-4.664605956499999762e-01 -5.044647684099999905e-05
-4.664605953600000077e-01 -5.305912885400000147e-05
-4.664605959700000026e-01 -4.747108836899999732e-05
-4.664605956899999795e-01 -5.008374058200000301e-05
-4.664605962600000266e-01 -4.449570036999999848e-05
-4.664605960000000051e-01 -4.710835267700000048e-05
-4.664605957299999828e-01 -4.972100477799999728e-05
-4.664605962899999736e-01 -4.413296436000000111e-05
-4.664605960400000084e-01 -4.674561661199999900e-05
-4.664605957699999861e-01 -4.935826888100000234e-05
-4.664605954900000184e-01 -5.197092140299999888e-05
-4.664605960700000109e-01 -4.638288132400000320e-05
-4.664605958099999894e-01 -4.899553364899999743e-05
-4.664605955300000217e-01 -5.160818583800000218e-05
-4.664605952299999969e-01 -5.422083788600000229e-05
-4.664605958499999927e-01 -4.863279724400000191e-05
-4.664605955700000250e-01 -5.124544933999999712e-05
-4.664605952700000002e-01 -5.385810142700000298e-05
-4.664605949599999746e-01 -5.647075339399999739e-05
-4.664605956099999728e-01 -5.088271290900000003e-05
-4.664605953200000044e-01 -5.349536521300000106e-05
-4.664605950099999787e-01 -5.610801737999999875e-05
-4.664605956499999762e-01 -5.051997690199999685e-05
-4.664605953600000077e-01 -5.313262895399999824e-05
-4.664605950499999820e-01 -5.574528099400000256e-05
-4.664605947300000111e-01 -5.835793303800000138e-05
-4.664605954000000110e-01 -5.276989267100000127e-05
-4.664605950899999853e-01 -5.538254501600000193e-05
-4.664605957199999819e-01 -4.979450450500000298e-05
-4.664605954400000143e-01 -5.240715629500000152e-05
-4.664605951399999895e-01 -5.501980806199999944e-05
-4.664605948200000185e-01 -5.763245977099999907e-05
-4.664605954800000176e-01 -5.204441909400000100e-05
-4.664605951799999928e-01 -5.465707107600000024e-05
-4.664605948700000226e-01 -5.726972297900000120e-05
-4.664605945299999945e-01 -5.988237491599999953e-05
-4.664605952199999961e-01 -5.429433412599999904e-05
-4.664605949100000259e-01 -5.690698585199999735e-05
-4.664605945799999986e-01 -5.951963756699999889e-05
-4.664605942400000260e-01 -6.213228937300000257e-05
-4.664605949599999746e-01 -5.654424848399999739e-05
-4.664605946300000028e-01 -5.915690034099999712e-05
-4.664605942899999746e-01 -6.176955205700000577e-05
-4.664605949999999779e-01 -5.618151113200000257e-05
-4.664605946800000069e-01 -5.879416317300000043e-05
-4.664605943399999788e-01 -6.140681536300000550e-05
-4.664605950399999812e-01 -5.581877470399999966e-05
-4.664605947200000102e-01 -5.843142651999999978e-05
-4.664605943899999829e-01 -6.104407816500000594e-05
-4.664605950799999845e-01 -5.545603741799999894e-05
-4.664605947700000144e-01 -5.806868912699999856e-05
-4.664605944399999871e-01 -6.068134072400000286e-05
-4.664605940900000136e-01 -6.329399208399999878e-05
-4.664605948100000177e-01 -5.770595080000000222e-05
-4.664605944799999904e-01 -6.031860247699999834e-05
-4.664605941400000177e-01 -6.293125433599999871e-05
-4.664605937699999871e-01 -6.554390626299999383e-05
-4.664605945299999945e-01 -5.995586562400000120e-05
-4.664605941900000219e-01 -6.256851731600000213e-05
-4.664605938299999921e-01 -6.518116884500000491e-05
-4.664605945799999986e-01 -5.959312760200000120e-05
-4.664605942400000260e-01 -6.220577869600000653e-05
-4.664605938799999962e-01 -6.481842985599999918e-05
-4.664605946200000020e-01 -5.923038851499999786e-05
-4.664605942799999738e-01 -6.184303971700000401e-05
-4.664605939300000004e-01 -6.445569070399999529e-05
-4.664605935600000253e-01 -6.706834157600000384e-05
-4.664605943299999780e-01 -6.148030004599999601e-05
-4.664605939800000045e-01 -6.409295096400000578e-05
-4.664605936099999739e-01 -6.670560192400000195e-05
-4.664605943799999821e-01 -6.111756002799999851e-05
-4.664605940300000086e-01 -6.373021046000000123e-05
-4.664605936599999780e-01 -6.634286082099999469e-05
-4.664605932800000021e-01 -6.895551141899999652e-05
-4.664605940800000128e-01 -6.336746943700000611e-05
-4.664605937199999830e-01 -6.598012002500000474e-05
-4.664605933400000071e-01 -6.859277086200000204e-05
-4.664605941300000169e-01 -6.300472911799999323e-05
-4.664605937699999871e-01 -6.561738004400000557e-05
-4.664605933900000112e-01 -6.823003096600000308e-05
-4.664605929999999789e-01 -7.084268186300000610e-05
-4.664605938199999913e-01 -6.525464009700000377e-05
-4.664605934500000162e-01 -6.786729087099999439e-05
-4.664605930599999839e-01 -7.047994167999999625e-05
-4.664605938699999954e-01 -6.489190008499999465e-05
-4.664605935000000203e-01 -6.750455122299999378e-05
-4.664605931099999880e-01 -7.011720257799999487e-05
-4.664605939199999995e-01 -6.452916134200000018e-05
-4.664605935500000244e-01 -6.714181266800000551e-05
-4.664605931699999930e-01 -6.975446373799999635e-05
-4.664605927700000154e-01 -7.236711468600000221e-05
-4.664605935999999731e-01 -6.677907329699999902e-05
-4.664605932199999971e-01 -6.939172436500000278e-05
-4.664605928200000196e-01 -7.200437558700000179e-05
-4.664605936499999772e-01 -6.641633432900000003e-05
-4.664605932800000021e-01 -6.902898573400000363e-05
-4.664605928800000245e-01 -7.164163736299999788e-05
-4.664605924699999906e-01 -7.425428914700000127e-05
-4.664605933300000062e-01 -6.866624837400000624e-05
-4.664605929399999740e-01 -7.127890014100000417e-05
-4.664605925299999956e-01 -7.389155176199999585e-05
-4.664605933800000104e-01 -6.830351068999999963e-05
-4.664605929899999781e-01 -7.091616217600000215e-05
-4.664605925900000005e-01 -7.352881357500000382e-05
-4.664605934300000145e-01 -6.794077232400000431e-05
-4.664605930499999831e-01 -7.055342371000000181e-05
-4.664605926400000047e-01 -7.316607491099999408e-05
-4.664605922300000262e-01 -7.577872622499999555e-05
-4.664605930999999872e-01 -7.019068490600000130e-05
-4.664605927000000096e-01 -7.280333598199999407e-05
-4.664605922899999757e-01 -7.541598685100000166e-05
-4.664605931499999913e-01 -6.982794515599999503e-05
-4.664605927600000146e-01 -7.244059578100000554e-05
-4.664605923499999807e-01 -7.505324650799999461e-05
-4.664605919099999998e-01 -7.766589722899999531e-05
-4.664605928100000187e-01 -7.207785521699999526e-05
-4.664605923999999848e-01 -7.469050587500000282e-05
-4.664605919800000056e-01 -7.730315668000000339e-05
-4.664605928700000237e-01 -7.171511503800000024e-05
-4.664605924599999898e-01 -7.432776621499999836e-05
-4.664605920400000105e-01 -7.694041727399999922e-05
-4.664605915999999741e-01 -7.955306818000000514e-05
-4.664605925199999947e-01 -7.396502672799999526e-05
-4.664605921000000155e-01 -7.657767777899999356e-05
-4.664605916599999791e-01 -7.919032884899999795e-05
-4.664605925699999989e-01 -7.360228746199999541e-05
-4.664605921600000205e-01 -7.621493839999999805e-05
-4.664605917199999841e-01 -7.882758929099999915e-05
-4.664605926300000038e-01 -7.323954749700000138e-05
-4.664605922100000246e-01 -7.585219832499999579e-05
-4.664605917799999890e-01 -7.846484937200000635e-05
-4.664605913400000081e-01 -8.107750031099999577e-05
-4.664605922699999740e-01 -7.548945900600000601e-05
-4.664605918399999940e-01 -7.810211025900000144e-05
-4.664605914000000131e-01 -8.071476149800000592e-05
-4.664605909399999750e-01 -8.332741283500000123e-05
-4.664605918999999989e-01 -7.773937158400000171e-05
-4.664605914600000180e-01 -8.035202290100000415e-05
-4.664605909999999800e-01 -8.296467419699999984e-05
-4.664605905299999966e-01 -8.557732542400000046e-05
-4.664605915200000230e-01 -7.998928415099999388e-05
-4.664605910699999858e-01 -8.260193516200000643e-05
-4.664605920200000089e-01 -7.701389366999999726e-05
-4.664605915899999733e-01 -7.962654468899999882e-05
-4.664605911299999907e-01 -8.223919571800000360e-05
-4.664605920800000138e-01 -7.665115435999999682e-05
-4.664605916499999783e-01 -7.926380550399999788e-05
-4.664605911999999965e-01 -8.187645669700000114e-05
-4.664605907300000132e-01 -8.448910793900000658e-05
-4.664605917099999832e-01 -7.890106671900000348e-05
-4.664605912600000015e-01 -8.151371798100000179e-05
-4.664605908000000190e-01 -8.412636913899999380e-05
-4.664605903199999792e-01 -8.673902029199999776e-05
-4.664605913200000065e-01 -8.115097902699999375e-05
-4.664605908600000239e-01 -8.376363036400000261e-05
-4.664605903799999842e-01 -8.637628152099999430e-05
-4.664605898899999992e-01 -8.898893263199999831e-05
-4.664605909299999742e-01 -8.340089142399999907e-05
-4.664605904499999900e-01 -8.601354269500000027e-05
-4.664605899600000050e-01 -8.862619416299999701e-05
-4.664605909899999792e-01 -8.303815309200000111e-05
-4.664605905199999958e-01 -8.565080448600000118e-05
-4.664605900300000108e-01 -8.826345570299999859e-05
-4.664605910499999841e-01 -8.267541444699999748e-05
-4.664605905900000016e-01 -8.528806582000000435e-05
-4.664605901000000165e-01 -8.790071729000000173e-05
-4.664605911199999899e-01 -8.231267620800000230e-05
-4.664605906500000065e-01 -8.492532745799999676e-05
-4.664605901700000223e-01 -8.753797859499999558e-05
-4.664605896699999810e-01 -9.015062955400000497e-05
-4.664605907200000123e-01 -8.456258782800000194e-05
-4.664605902399999726e-01 -8.717523869899999661e-05
-4.664605897399999868e-01 -8.978788956600000355e-05
-4.664605892300000001e-01 -9.240054029200000585e-05
-4.664605902999999776e-01 -8.681249838900000017e-05
-4.664605898099999925e-01 -8.942514876499999845e-05
-4.664605893000000059e-01 -9.203779936500000093e-05
-4.664605903699999834e-01 -8.644975717799999887e-05
-4.664605898799999983e-01 -8.906240746199999469e-05
-4.664605893700000117e-01 -9.167505766100000387e-05
-4.664605904399999892e-01 -8.608701527700000629e-05
-4.664605899500000041e-01 -8.869966556400000308e-05
-4.664605894500000183e-01 -9.131231594100000168e-05
-4.664605904999999941e-01 -8.572427367500000134e-05
-4.664605900200000099e-01 -8.833692372900000460e-05
-4.664605895200000241e-01 -9.094957383499999745e-05
-4.664605889999999810e-01 -9.356222384600000044e-05
-4.664605900800000149e-01 -8.797418143299999354e-05
-4.664605895899999743e-01 -9.058683143200000623e-05
-4.664605890699999868e-01 -9.319948141199999926e-05
-4.664605885399999985e-01 -9.581213158500000008e-05
-4.664605896599999801e-01 -9.022408900499999374e-05
-4.664605891499999935e-01 -9.283673894400000070e-05
-4.664605886200000051e-01 -9.544938904300000486e-05
-4.664605897299999859e-01 -8.986134686000000408e-05
-4.664605892199999992e-01 -9.247399726599999845e-05
-4.664605886900000109e-01 -9.508664801899999587e-05
-4.664605881500000217e-01 -9.769929885000000480e-05
-4.664605892900000050e-01 -9.211125698599999809e-05
-4.664605887700000175e-01 -9.472390762900000083e-05
-4.664605882299999728e-01 -9.733655828499999420e-05
-4.664605893600000108e-01 -9.174851651300000349e-05
-4.664605888400000233e-01 -9.436116733799999694e-05
-4.664605882999999786e-01 -9.697381801099999577e-05
-4.664605894300000166e-01 -9.138577619400000416e-05
-4.664605889099999736e-01 -9.399842696300000672e-05
-4.664605883799999853e-01 -9.661107785699999523e-05
-4.664605878299999953e-01 -9.922372857899999625e-05
-4.664605889799999794e-01 -9.363568685799999482e-05
-4.664605884499999910e-01 -9.624833769200000471e-05
-4.664605879100000019e-01 -9.886098846399999469e-05
